2004 07 01 0.0 24.8 -99.9
2004 07 02 0.0 23.0 -99.9
2004 07 03 0.0 24.6 -99.9
2004 07 04 0.0 26.3 13.0
2004 07 05 0.0 25.2 13.2
2004 07 06 0.0 22.0 13.2
2004 07 07 0.0 22.6 12.2
2004 07 08 0.0 23.2 10.0
2004 07 09 0.0 23.5 10.0
2004 07 10 0.0 22.8 11.0
2004 07 11 0.0 27.0 10.2
2004 07 12 0.0 23.4 10.2
2004 07 13 0.0 20.6 11.0
2004 07 14 0.0 21.2 11.2
2004 07 15 0.0 23.2 10.4
2004 07 16 0.0 26.8 11.4
2004 07 17 0.0 25.8 11.4
2004 07 18 0.0 20.0 11.6
2004 07 19 0.0 20.0 11.6
2004 07 20 0.0 19.6 11.0
2004 07 21 0.0 22.0 10.6
2004 07 22 0.0 19.4 10.8
2004 07 23 0.0 23.0 9.4
2004 07 24 0.0 23.4 9.6
2004 07 25 0.0 23.6 9.6
2004 07 26 0.0 25.0 11.2
2004 07 27 0.0 22.8 11.0
2004 07 28 0.0 22.6 11.4
2004 07 29 0.0 20.6 11.6
2004 07 30 0.0 25.2 10.7
2004 07 31 0.0 25.6 10.6
2004 08 01 0.0 20.6 12.4
2004 08 02 0.0 21.0 12.0
2004 08 03 0.0 19.3 -99.9
2004 08 04 0.0 -99.9 -99.9
2004 08 05 0.0 22.8 -99.9
2004 08 06 0.0 23.6 10.6
2004 08 07 0.0 27.0 11.0
2004 08 08 0.0 24.2 11.6
2004 08 09 0.0 23.6 11.8
2004 08 10 0.0 23.0 10.0
2004 08 11 0.0 22.6 11.0
2004 08 12 0.0 22.6 11.4
2004 08 13 0.0 23.8 10.6
2004 08 14 0.0 23.2 10.8
2004 08 15 0.0 22.8 10.8
2004 08 16 0.0 23.0 10.4
2004 08 17 0.0 24.8 10.6
2004 08 18 0.0 -99.9 10.6
2004 08 19 0.0 24.0 12.0
2004 08 20 0.0 22.6 12.0
2004 08 21 0.0 21.6 12.2
2004 08 22 0.0 23.0 12.4
2004 08 23 0.0 24.6 12.4
2004 08 24 0.0 22.6 12.8
2004 08 25 0.0 24.2 11.7
2004 08 26 0.0 26.4 11.0
2004 08 27 0.0 27.4 10.4
2004 08 28 0.0 25.4 10.8
2004 08 29 0.0 24.6 12.6
2004 08 30 0.0 25.6 11.4
2004 08 31 0.0 27.6 11.8
2004 09 01 0.0 28.2 11.6
2004 09 02 0.0 24.4 12.6
2004 09 03 0.0 22.4 11.4
2004 09 04 0.0 19.4 12.8
2004 09 05 0.0 22.0 13.0
2004 09 06 0.0 26.2 12.8
2004 09 07 0.0 27.2 14.0
2004 09 08 0.0 26.6 14.2
2004 09 09 0.0 28.0 -99.9
2004 09 10 0.0 25.4 14.6
2004 09 11 0.0 23.8 12.6
2004 09 12 0.0 23.0 13.0
2004 09 13 0.0 26.2 13.4
2004 09 14 0.0 23.6 13.8
2004 09 15 0.0 23.4 13.2
2004 09 16 0.0 25.6 12.8
2004 09 17 0.0 26.0 12.8
2004 09 18 0.0 25.4 13.0
2004 09 19 0.0 27.0 13.6
2004 09 20 0.0 23.6 13.8
2004 09 21 0.0 22.6 14.2
2004 09 22 0.0 22.6 13.2
2004 09 23 0.0 23.2 12.4
2004 09 24 0.0 25.4 12.6
2004 09 25 0.0 25.6 14.4
2004 09 26 0.0 25.6 13.6
2004 09 27 0.0 27.4 13.8
2004 09 28 0.0 28.4 14.0
2004 09 29 0.0 25.6 15.2
2004 09 30 0.0 27.0 14.2
2004 10 01 0.0 25.4 14.0
2004 10 02 0.0 26.8 14.4
2004 10 03 0.0 26.2 13.2
2004 10 04 0.0 25.6 14.2
2004 10 05 0.0 26.4 15.6
2004 10 06 0.0 27.8 13.8
2004 10 07 0.0 25.0 14.6
2004 10 08 0.0 20.0 13.0
2004 10 09 0.0 23.4 13.6
2004 10 10 0.0 25.6 13.0
2004 10 11 0.0 27.2 13.2
2004 10 12 0.0 26.4 14.6
2004 10 13 0.0 28.8 14.4
2004 10 14 0.0 27.4 16.0
2004 10 15 0.0 26.6 14.8
2004 10 16 0.0 -99.9 14.2
2004 10 17 0.0 26.6 14.2
2004 10 18 0.0 25.8 14.4
2004 10 19 0.0 26.4 14.2
2004 10 20 0.0 23.0 14.4
2004 10 21 0.0 30.0 13.8
2004 10 22 0.0 28.6 14.0
2004 10 23 0.0 25.2 13.0
2004 10 24 0.0 27.4 12.6
2004 10 25 0.0 27.8 15.8
2004 10 26 0.0 27.2 16.0
2004 10 27 0.0 26.6 14.6
2004 10 28 0.0 27.0 14.2
2004 10 29 0.0 27.2 13.8
2004 10 30 0.0 26.8 14.6
2004 10 31 0.0 25.6 14.2
2004 11 01 0.0 26.4 14.4
2004 11 02 0.0 25.6 15.8
2004 11 03 0.0 25.8 15.2
2004 11 04 0.0 29.0 15.0
2004 11 05 0.0 29.8 -99.9
2004 11 06 0.0 23.4 -99.9
2004 11 07 0.0 29.2 15.0
2004 11 08 0.0 28.4 14.8
2004 11 09 0.0 27.8 14.8
2004 11 10 0.0 22.6 15.0
2004 11 11 0.0 23.6 15.0
2004 11 12 0.0 27.2 14.4
2004 11 13 0.0 25.3 16.2
2004 11 14 0.0 25.4 15.0
2004 11 15 0.0 27.0 15.2
2004 11 16 0.0 26.8 15.0
2004 11 17 0.0 22.8 14.6
2004 11 18 0.0 22.8 15.4
2004 11 19 0.0 27.6 15.2
2004 11 20 0.0 26.8 15.4
2004 11 21 0.0 27.4 14.6
2004 11 22 0.0 25.4 14.6
2004 11 23 0.0 24.2 -99.9
2004 11 24 0.0 26.8 14.5
2004 11 25 0.0 29.3 15.6
2004 11 26 0.0 28.0 16.2
2004 11 27 0.0 26.6 15.4
2004 11 28 0.0 -99.9 14.2
2004 11 29 0.0 25.4 14.2
2004 11 30 0.0 26.6 13.6
2004 12 01 0.0 27.2 13.6
2004 12 02 0.0 27.6 15.4
2004 12 03 0.0 29.2 15.6
2004 12 04 0.0 28.0 -99.9
2004 12 05 0.0 29.4 -99.9
2004 12 06 0.0 29.4 -99.9
2004 12 07 0.0 29.6 15.6
2004 12 08 0.0 27.8 16.0
2004 12 09 0.0 27.8 16.2
2004 12 10 0.0 28.0 17.2
2004 12 11 0.0 26.8 17.2
2004 12 12 0.0 26.8 17.8
2004 12 13 0.0 28.8 17.6
2004 12 14 0.0 27.2 17.2
2004 12 15 0.0 28.0 18.2
2004 12 16 0.0 26.4 18.6
2004 12 17 0.0 28.2 17.8
2004 12 18 0.0 25.8 18.2
2004 12 19 0.0 26.4 18.0
2004 12 20 0.0 26.0 18.0
2004 12 21 0.0 26.6 18.2
2004 12 22 0.0 29.4 18.2
2004 12 23 0.0 29.6 17.6
2004 12 24 0.0 27.4 18.0
2004 12 25 0.0 26.2 16.0
2004 12 26 0.0 29.4 17.0
2004 12 27 0.0 30.0 16.4
2004 12 28 0.0 28.6 16.0
2004 12 29 0.0 27.4 16.0
2004 12 30 0.0 29.0 18.6
2004 12 31 0.0 29.6 17.8
2005 01 01 0.0 27.6 18.2
2005 01 02 0.0 29.2 18.2
2005 01 03 0.0 29.6 17.8
2005 01 04 0.0 28.0 17.8
2005 01 05 0.0 28.6 18.2
2005 01 06 0.0 28.8 18.4
2005 01 07 0.0 27.4 18.0
2005 01 08 0.0 30.4 18.0
2005 01 09 0.0 29.6 19.6
2005 01 10 0.0 27.6 19.2
2005 01 11 0.0 29.0 20.0
2005 01 12 0.0 29.0 18.6
2005 01 13 0.0 30.4 19.3
2005 01 14 0.0 26.8 20.1
2005 01 15 0.0 29.2 19.8
2005 01 16 0.0 28.6 20.2
2005 01 17 0.0 28.8 20.2
2005 01 18 0.0 29.2 18.0
2005 01 19 0.0 28.4 18.8
2005 01 20 0.0 29.2 18.6
2005 01 21 0.0 28.4 16.6
2005 01 22 0.0 30.2 18.8
2005 01 23 0.0 29.4 19.1
2005 01 24 0.0 27.6 20.0
2005 01 25 0.0 29.0 18.2
2005 01 26 0.0 29.9 19.0
2005 01 27 0.0 28.6 18.0
2005 01 28 0.0 28.6 18.2
2005 01 29 1.7 28.2 19.3
2005 01 30 0.0 29.4 18.4
2005 01 31 0.0 29.7 18.8
2005 02 01 0.0 29.4 20.4
2005 02 02 0.0 29.0 20.2
2005 02 03 0.0 29.8 19.0
2005 02 04 0.0 30.8 20.2
2005 02 05 0.0 30.6 18.6
2005 02 06 0.0 29.6 18.6
2005 02 07 0.0 30.0 19.0
2005 02 08 0.0 29.6 17.8
2005 02 09 0.0 30.7 21.1
2005 02 10 0.0 30.2 21.0
2005 02 11 0.0 26.0 21.8
2005 02 12 0.0 26.6 20.8
2005 02 13 0.0 29.0 20.0
2005 02 14 0.0 30.0 17.8
2005 02 15 0.0 29.8 18.4
2005 02 16 0.0 27.4 19.4
2005 02 17 0.0 28.6 18.2
2005 02 18 6.4 29.0 19.8
2005 02 19 0.0 28.0 -99.9
2005 02 20 4.2 28.6 19.2
2005 02 21 0.0 29.8 19.8
2005 02 22 0.0 29.4 18.2
2005 02 23 0.0 30.8 19.4
2005 02 24 0.0 30.8 18.8
2005 02 25 0.0 30.6 19.4
2005 02 26 0.0 29.6 20.2
2005 02 27 0.0 30.0 19.8
2005 02 28 -99.9 30.4 20.0
2005 03 01 0.0 -99.9 20.4
2005 03 02 0.0 -99.9 20.0
2005 03 03 0.0 -99.9 19.0
2005 03 04 0.0 29.4 19.6
2005 03 05 0.0 28.6 19.4
2005 03 06 0.0 29.6 20.4
2005 03 07 0.0 30.6 18.3
2005 03 08 0.0 28.4 20.0
2005 03 09 0.0 29.2 18.0
2005 03 10 0.0 30.6 21.1
2005 03 11 0.0 31.0 18.4
2005 03 12 0.0 31.8 18.6
2005 03 13 0.0 31.2 19.6
2005 03 14 0.0 29.0 19.4
2005 03 15 0.0 30.0 19.4
2005 03 16 0.0 28.4 18.8
2005 03 17 0.0 30.5 20.6
2005 03 18 0.0 31.6 19.6
2005 03 19 0.0 29.8 18.6
2005 03 20 0.0 29.6 18.6
2005 03 21 0.0 28.0 19.8
2005 03 22 0.0 29.8 18.2
2005 03 23 0.0 31.2 18.0
2005 03 24 0.0 31.2 19.2
2005 03 25 0.0 29.4 18.8
2005 03 26 0.0 27.8 17.8
2005 03 27 0.0 29.6 19.6
2005 03 28 0.0 29.8 19.6
2005 03 29 0.0 29.6 18.4
2005 03 30 0.0 29.2 18.4
2005 03 31 0.0 30.2 19.8
2005 04 01 0.0 29.8 17.8
2005 04 02 0.0 29.6 18.2
2005 04 03 0.0 30.0 18.8
2005 04 04 0.0 30.2 19.0
2005 04 05 0.0 29.4 19.8
2005 04 06 0.0 29.6 17.8
2005 04 07 0.0 29.8 18.2
2005 04 08 0.0 31.3 18.8
2005 04 09 0.0 29.8 18.6
2005 04 10 0.0 29.0 18.8
2005 04 11 0.0 29.4 19.2
2005 04 12 0.0 29.6 18.4
2005 04 13 0.0 29.8 18.2
2005 04 14 0.0 -99.9 18.8
2005 04 15 0.0 30.4 18.6
2005 04 16 0.0 30.2 18.4
2005 04 17 0.0 29.0 18.2
2005 04 18 0.0 29.0 19.4
2005 04 19 0.0 29.6 18.4
2005 04 20 0.0 29.6 17.4
2005 04 21 0.0 28.0 17.6
2005 04 22 0.0 29.6 18.6
2005 04 23 0.0 27.4 18.2
2005 04 24 0.0 27.8 18.2
2005 04 25 0.0 29.8 20.8
2005 04 26 0.0 30.2 -99.9
2005 04 27 0.0 30.6 17.6
2005 04 28 0.0 27.6 16.8
2005 04 29 0.0 25.4 15.6
2005 04 30 0.0 29.6 16.6
2005 05 01 0.0 29.4 17.0
2005 05 02 0.0 28.2 15.6
2005 05 03 0.0 25.6 15.0
2005 05 04 0.0 27.0 15.0
2005 05 05 0.0 28.0 15.2
2005 05 06 0.0 28.2 15.0
2005 05 07 0.0 26.6 13.4
2005 05 08 0.0 22.4 13.6
2005 05 09 0.0 23.2 14.6
2005 05 10 0.0 25.8 12.8
2005 05 11 0.0 27.4 12.9
2005 05 12 0.0 25.6 14.6
2005 05 13 0.0 27.0 14.0
2005 05 14 0.0 -99.9 14.0
2005 05 15 0.0 26.8 14.6
2005 05 16 0.0 28.8 16.0
2005 05 17 0.0 27.4 17.6
2005 05 18 0.0 26.0 16.0
2005 05 19 0.0 23.8 15.4
2005 05 20 0.0 20.2 14.8
2005 05 21 0.0 20.0 14.2
2005 05 22 0.0 -99.9 -99.9
2005 05 23 0.0 22.8 12.4
2005 05 24 0.0 22.8 11.8
2005 05 25 0.0 22.6 11.0
2005 05 26 0.0 28.0 12.8
2005 05 27 0.0 27.0 12.2
2005 05 28 0.0 26.6 13.2
2005 05 29 0.0 22.6 12.6
2005 05 30 0.0 25.4 12.4
2005 05 31 0.0 25.0 13.0
2005 06 01 0.0 23.4 12.0
2005 06 02 0.0 24.2 12.2
2005 06 03 0.0 27.2 12.2
2005 06 04 0.0 26.8 13.2
2005 06 05 0.0 22.4 12.4
2005 06 06 0.0 24.0 12.6
2005 06 07 0.0 23.0 12.0
2005 06 08 0.0 23.4 11.0
2005 06 09 0.0 26.0 11.2
2005 06 10 0.0 26.0 13.4
2005 06 11 0.0 26.2 12.2
2005 06 12 0.0 23.6 11.2
2005 06 13 0.0 25.2 10.4
2005 06 14 0.0 21.8 10.8
2005 06 15 0.0 24.6 10.6
2005 06 16 0.0 25.6 9.6
2005 06 17 0.0 21.8 9.6
2005 06 18 0.0 23.6 12.0
2005 06 19 0.0 25.8 11.6
2005 06 20 0.0 26.8 12.2
2005 06 21 0.0 26.6 12.6
2005 06 22 0.0 24.8 12.8
2005 06 23 0.0 22.8 11.7
2005 06 24 0.0 -99.9 12.5
2005 06 25 0.0 25.6 12.2
2005 06 26 0.0 26.4 12.0
2005 06 27 0.0 22.6 12.0
2005 06 28 0.0 20.8 10.8
2005 06 29 0.0 22.8 11.0
2005 06 30 0.0 24.2 12.8
2005 07 01 0.0 24.2 12.8
2005 07 02 0.0 24.8 12.8
2005 07 03 0.0 22.8 13.0
2005 07 04 0.0 25.8 12.2
2005 07 05 0.0 25.0 11.5
2005 07 06 0.0 22.4 12.2
2005 07 07 0.0 22.4 11.6
2005 07 08 0.0 23.2 12.4
2005 07 09 0.0 24.8 12.6
2005 07 10 0.0 24.0 11.6
2005 07 11 0.0 23.4 10.4
2005 07 12 0.0 22.0 10.4
2005 07 13 0.0 23.8 11.2
2005 07 14 0.0 19.8 12.8
2005 07 15 0.0 23.8 11.2
2005 07 16 0.0 22.7 10.6
2005 07 17 0.0 23.6 10.6
2005 07 18 0.0 23.0 10.4
2005 07 19 0.0 20.6 11.0
2005 07 20 0.0 23.4 10.2
2005 07 21 0.0 23.8 10.0
2005 07 22 0.0 24.6 10.4
2005 07 23 0.0 28.4 10.0
2005 07 24 0.0 25.4 10.4
2005 07 25 0.0 22.6 11.6
2005 07 26 0.0 24.0 11.6
2005 07 27 0.0 26.0 10.2
2005 07 28 0.0 22.4 11.0
2005 07 29 0.0 22.8 10.2
2005 07 30 0.0 23.6 11.2
2005 07 31 0.0 24.8 10.4
2005 08 01 0.0 23.0 10.2
2005 08 02 0.0 23.4 10.6
2005 08 03 0.0 22.0 10.4
2005 08 04 0.0 25.6 11.2
2005 08 05 0.0 22.0 10.4
2005 08 06 0.0 22.2 11.4
2005 08 07 0.0 25.4 11.2
2005 08 08 0.0 25.6 11.6
2005 08 09 0.0 26.4 12.4
2005 08 10 0.0 22.4 -99.9
2005 08 11 0.0 26.2 -99.9
2005 08 12 0.0 26.2 -99.9
2005 08 13 0.0 24.7 11.2
2005 08 14 0.0 22.6 11.0
2005 08 15 0.0 23.6 11.2
2005 08 16 0.0 22.0 11.2
2005 08 17 0.0 24.8 11.0
2005 08 18 0.0 25.0 9.8
2005 08 19 0.0 24.0 10.4
2005 08 20 0.0 23.8 10.4
2005 08 21 0.0 24.8 12.2
2005 08 22 0.0 23.6 11.4
2005 08 23 0.0 23.6 11.0
2005 08 24 0.0 24.8 10.4
2005 08 25 0.0 24.8 10.6
2005 08 26 0.0 24.6 11.8
2005 08 27 0.0 24.6 11.2
2005 08 28 0.0 23.6 10.6
2005 08 29 0.0 23.6 11.4
2005 08 30 0.0 25.0 11.4
2005 08 31 -99.9 22.2 11.8
2005 09 01 0.0 22.6 12.8
2005 09 02 0.0 26.8 12.2
2005 09 03 0.0 23.6 11.8
2005 09 04 0.0 22.0 11.8
2005 09 05 0.0 22.4 11.8
2005 09 06 0.0 25.6 11.2
2005 09 07 0.0 24.6 11.0
2005 09 08 0.0 26.6 11.6
2005 09 09 0.0 25.4 12.2
2005 09 10 0.0 25.4 -99.9
2005 09 11 0.0 22.4 11.8
2005 09 12 0.0 19.6 12.4
2005 09 13 0.0 24.4 12.4
2005 09 14 0.0 26.4 12.8
2005 09 15 0.0 -99.9 12.0
2005 09 16 0.0 25.6 12.0
2005 09 17 0.0 24.4 11.4
2005 09 18 0.0 23.8 12.2
2005 09 19 0.0 26.4 12.0
2005 09 20 0.0 26.0 11.8
2005 09 21 0.0 23.6 12.4
2005 09 22 0.0 24.4 12.2
2005 09 23 0.0 25.6 12.4
2005 09 24 0.0 26.0 12.4
2005 09 25 0.0 23.2 12.0
2005 09 26 0.0 23.6 11.8
2005 09 27 0.0 27.2 12.0
2005 09 28 0.0 26.6 11.8
2005 09 29 0.0 23.6 11.4
2005 09 30 0.0 22.0 11.6
2005 10 01 0.0 21.8 11.6
2005 10 02 0.0 25.8 11.7
2005 10 03 0.0 27.2 10.8
2005 10 04 0.0 23.8 12.2
2005 10 05 0.0 24.2 13.4
2005 10 06 0.0 21.6 12.6
2005 10 07 0.0 26.6 12.2
2005 10 08 0.0 26.4 12.6
2005 10 09 0.0 23.8 12.6
2005 10 10 0.0 28.4 12.2
2005 10 11 0.0 27.8 13.2
2005 10 12 0.0 -99.9 13.4
2005 10 13 0.0 26.0 13.0
2005 10 14 0.0 26.2 12.6
2005 10 15 0.0 25.6 12.8
2005 10 16 0.0 25.8 12.0
2005 10 17 0.0 25.4 12.8
2005 10 18 0.0 26.8 12.4
2005 10 19 0.0 24.6 11.0
2005 10 20 0.0 26.0 11.0
2005 10 21 0.0 27.0 13.2
2005 10 22 0.0 28.4 12.6
2005 10 23 0.0 28.2 12.6
2005 10 24 0.0 24.8 12.8
2005 10 25 0.0 24.6 12.4
2005 10 26 0.0 26.7 12.8
2005 10 27 0.0 23.6 12.2
2005 10 28 0.0 26.0 12.2
2005 10 29 0.0 24.2 12.0
2005 10 30 0.0 24.0 10.2
2005 10 31 0.0 26.2 13.2
2005 11 01 0.0 26.4 12.4
2005 11 02 0.0 26.4 13.2
2005 11 03 0.0 28.0 13.8
2005 11 04 0.0 27.2 13.2
2005 11 05 0.0 26.8 14.0
2005 11 06 0.0 28.6 13.8
2005 11 07 0.0 28.6 13.8
2005 11 08 0.0 27.4 12.0
2005 11 09 0.0 25.6 14.8
2005 11 10 0.0 24.8 14.4
2005 11 11 0.0 26.8 14.4
2005 11 12 0.0 27.2 14.6
2005 11 13 0.0 28.6 14.6
2005 11 14 0.0 26.2 14.6
2005 11 15 0.0 28.4 15.4
2005 11 16 0.0 26.4 14.2
2005 11 17 0.0 24.0 13.8
2005 11 18 0.0 23.4 12.6
2005 11 19 0.0 26.0 13.2
2005 11 20 0.0 25.6 13.8
2005 11 21 0.0 22.6 14.0
2005 11 22 0.0 20.6 14.6
2005 11 23 0.0 25.0 15.0
2005 11 24 0.0 25.2 12.2
2005 11 25 0.0 24.2 12.2
2005 11 26 0.0 27.8 12.2
2005 11 27 0.0 27.4 12.2
2005 11 28 0.0 26.2 13.0
2005 11 29 0.0 28.2 12.8
2005 11 30 0.0 28.6 15.0
2005 12 01 0.0 25.6 13.0
2005 12 02 0.0 27.6 13.7
2005 12 03 0.0 25.6 15.0
2005 12 04 0.0 27.6 14.4
2005 12 05 0.0 25.6 14.6
2005 12 06 0.0 26.2 -99.9
2005 12 07 0.0 26.4 -99.9
2005 12 08 0.0 28.4 14.2
2005 12 09 0.0 28.6 15.0
2005 12 10 0.0 25.8 -99.9
2005 12 11 0.0 29.0 16.4
2005 12 12 0.0 27.6 14.6
2005 12 13 0.0 29.2 -99.9
2005 12 14 0.0 28.6 16.4
2005 12 15 0.0 27.6 16.4
2005 12 16 0.0 29.0 17.8
2005 12 17 0.0 28.6 18.0
2005 12 18 0.0 28.6 17.4
2005 12 19 0.0 27.6 18.2
2005 12 20 0.0 27.0 18.4
2005 12 21 0.0 26.4 17.9
2005 12 22 0.0 28.0 17.8
2005 12 23 0.0 26.6 17.8
2005 12 24 0.0 26.2 17.8
2005 12 25 0.0 28.6 18.2
2005 12 26 3.7 25.2 18.8
2005 12 27 0.5 23.8 17.4
2005 12 28 0.0 27.0 18.4
2005 12 29 0.0 29.0 17.2
2005 12 30 0.0 26.0 17.6
2005 12 31 0.0 26.8 16.8
2006 01 01 0.0 27.4 18.6
2006 01 02 0.0 28.4 17.2
2006 01 03 0.0 28.7 17.2
2006 01 04 0.0 28.6 18.2
2006 01 05 0.0 27.8 19.2
2006 01 06 0.0 29.8 19.6
2006 01 07 0.0 30.2 17.8
2006 01 08 0.0 29.4 17.6
2006 01 09 0.0 28.8 17.4
2006 01 10 0.0 29.4 17.8
2006 01 11 0.0 29.8 18.4
2006 01 12 0.0 28.4 18.4
2006 01 13 0.0 29.2 18.4
2006 01 14 0.0 29.0 18.4
2006 01 15 0.0 28.8 19.1
2006 01 16 0.7 28.4 19.2
2006 01 17 0.0 28.3 18.4
2006 01 18 0.0 29.2 18.6
2006 01 19 0.0 29.4 20.0
2006 01 20 0.0 29.8 20.6
2006 01 21 0.0 29.8 20.8
2006 01 22 0.0 30.6 19.8
2006 01 23 0.0 29.2 20.0
2006 01 24 1.9 29.2 20.6
2006 01 25 0.0 30.6 20.6
2006 01 26 0.0 30.4 19.8
2006 01 27 0.0 30.4 20.4
2006 01 28 0.0 31.4 20.8
2006 01 29 0.0 31.2 20.8
2006 01 30 1.1 30.6 21.0
2006 01 31 0.0 29.5 19.6
2006 02 01 0.0 26.6 21.0
2006 02 02 0.0 28.8 20.2
2006 02 03 0.0 29.6 21.0
2006 02 04 0.0 28.2 20.4
2006 02 05 0.0 26.8 20.0
2006 02 06 0.0 27.0 20.6
2006 02 07 0.0 29.6 20.4
2006 02 08 0.0 29.2 20.6
2006 02 09 2.8 29.2 21.2
2006 02 10 0.0 30.6 20.3
2006 02 11 0.0 28.8 20.4
2006 02 12 0.0 30.6 20.6
2006 02 13 0.0 31.6 16.7
2006 02 14 0.0 30.6 20.6
2006 02 15 0.0 30.4 21.2
2006 02 16 0.0 -99.9 21.3
2006 02 17 0.0 31.4 20.4
2006 02 18 0.0 31.6 22.2
2006 02 19 0.0 31.4 19.8
2006 02 20 0.0 30.2 20.8
2006 02 21 0.0 30.4 20.4
2006 02 22 0.0 31.6 20.4
2006 02 23 0.0 30.4 20.6
2006 02 24 0.0 30.6 21.4
2006 02 25 0.0 30.4 19.0
2006 02 26 0.0 30.0 19.8
2006 02 27 0.0 30.8 18.8
2006 02 28 0.0 29.6 19.6
2006 03 01 3.0 31.4 19.4
2006 03 02 0.0 32.0 20.8
2006 03 03 0.0 29.4 20.2
2006 03 04 0.0 31.2 19.6
2006 03 05 0.5 31.0 20.4
2006 03 06 0.0 31.4 19.2
2006 03 07 0.0 30.2 19.6
2006 03 08 0.0 28.8 19.2
2006 03 09 0.0 29.2 21.8
2006 03 10 0.0 30.2 20.8
2006 03 11 0.0 30.6 20.8
2006 03 12 0.9 29.4 19.4
2006 03 13 0.0 30.0 19.4
2006 03 14 0.0 30.6 19.4
2006 03 15 0.0 30.2 21.6
2006 03 16 0.0 30.2 19.2
2006 03 17 0.0 30.6 20.8
2006 03 18 1.4 29.4 21.6
2006 03 19 0.0 29.6 18.4
2006 03 20 0.0 29.8 19.4
2006 03 21 0.0 31.0 19.6
2006 03 22 0.0 30.3 18.8
2006 03 23 0.0 30.3 20.2
2006 03 24 0.0 29.2 19.2
2006 03 25 0.0 29.0 19.4
2006 03 26 0.0 30.0 19.8
2006 03 27 0.0 31.6 19.4
2006 03 28 0.0 29.8 19.2
2006 03 29 0.0 29.6 20.2
2006 03 30 0.0 30.4 18.8
2006 03 31 0.0 30.0 19.4
2006 04 01 0.0 30.6 19.6
2006 04 02 0.0 29.2 19.0
2006 04 03 0.0 29.6 20.6
2006 04 04 0.0 29.8 20.4
2006 04 05 0.0 29.4 19.0
2006 04 06 0.0 28.3 20.2
2006 04 07 0.0 27.6 20.2
2006 04 08 0.0 30.6 19.7
2006 04 09 0.0 30.4 19.8
2006 04 10 0.0 30.6 20.2
2006 04 11 0.0 27.0 18.2
2006 04 12 0.0 29.2 17.6
2006 04 13 0.0 28.8 18.3
2006 04 14 0.0 29.2 18.6
2006 04 15 0.0 28.2 19.4
2006 04 16 0.0 28.6 19.6
2006 04 17 0.0 29.2 19.4
2006 04 18 0.0 29.8 17.8
2006 04 19 0.0 28.0 17.8
2006 04 20 0.0 28.4 17.4
2006 04 21 0.0 -99.9 17.2
2006 04 22 0.0 27.8 17.4
2006 04 23 0.0 28.8 17.2
2006 04 24 0.0 29.4 16.6
2006 04 25 0.0 29.2 16.8
2006 04 26 0.0 28.4 16.7
2006 04 27 0.0 28.4 18.2
2006 04 28 0.0 30.0 17.8
2006 04 29 0.0 30.6 18.4
2006 04 30 0.0 29.2 18.2
2006 05 01 0.0 28.4 17.6
2006 05 02 0.0 29.0 16.4
2006 05 03 0.0 28.8 16.4
2006 05 04 0.0 29.0 16.2
2006 05 05 0.0 27.0 15.2
2006 05 06 0.0 27.6 15.4
2006 05 07 0.0 28.0 16.1
2006 05 08 0.0 27.2 16.8
2006 05 09 0.0 27.0 16.8
2006 05 10 0.0 26.8 15.6
2006 05 11 0.0 27.6 16.4
2006 05 12 0.0 28.6 15.8
2006 05 13 0.0 27.6 15.2
2006 05 14 0.0 27.6 14.4
2006 05 15 0.0 26.8 14.2
2006 05 16 0.0 29.0 14.4
2006 05 17 0.0 25.2 13.8
2006 05 18 0.0 25.2 14.0
2006 05 19 0.0 26.4 14.2
2006 05 20 0.0 27.2 15.3
2006 05 21 0.0 27.2 14.4
2006 05 22 0.0 26.8 14.2
2006 05 23 0.0 27.6 14.5
2006 05 24 0.0 23.4 14.2
2006 05 25 0.0 23.6 13.0
2006 05 26 0.0 26.0 13.4
2006 05 27 0.0 25.8 13.6
2006 05 28 0.0 24.6 13.6
2006 05 29 0.0 25.2 13.4
2006 05 30 0.0 27.4 13.6
2006 05 31 0.0 26.6 13.6
2006 06 01 0.0 26.8 15.0
2006 06 02 0.0 26.8 12.6
2006 06 03 0.0 24.0 13.2
2006 06 04 0.0 23.4 12.4
2006 06 05 0.0 25.4 11.6
2006 06 06 0.0 25.4 14.1
2006 06 07 0.0 25.6 14.2
2006 06 08 0.0 25.2 15.2
2006 06 09 0.0 25.6 14.8
2006 06 10 0.0 25.2 13.6
2006 06 11 0.0 19.4 13.2
2006 06 12 0.0 23.8 13.2
2006 06 13 0.0 25.8 12.0
2006 06 14 0.0 23.4 12.0
2006 06 15 0.0 24.4 12.2
2006 06 16 0.0 23.6 12.2
2006 06 17 0.0 23.8 12.2
2006 06 18 0.0 23.4 12.4
2006 06 19 0.0 22.4 12.0
2006 06 20 0.0 22.2 11.0
2006 06 21 0.0 24.4 11.2
2006 06 22 0.0 25.6 11.4
2006 06 23 0.0 25.2 14.0
2006 06 24 0.0 25.2 12.4
2006 06 25 0.0 19.0 13.2
2006 06 26 0.0 20.6 13.8
2006 06 27 0.0 24.4 11.6
2006 06 28 0.0 23.2 10.8
2006 06 29 0.0 24.2 10.8
2006 06 30 0.0 22.4 10.8
2006 07 01 0.0 22.8 12.6
2006 07 02 0.0 22.4 12.8
2006 07 03 0.0 26.0 12.4
2006 07 04 0.0 25.8 12.2
2006 07 05 0.0 24.4 12.3
2006 07 06 0.0 22.2 13.8
2006 07 07 0.0 25.6 14.0
2006 07 08 0.0 19.8 14.2
2006 07 09 0.0 22.8 14.2
2006 07 10 0.0 20.6 -99.9
2006 07 11 0.0 22.2 13.6
2006 07 12 0.0 22.4 12.4
2006 07 13 0.0 23.4 12.4
2006 07 14 0.0 22.0 11.2
2006 07 15 0.0 22.6 11.2
2006 07 16 0.0 23.8 11.2
2006 07 17 0.0 22.8 11.2
2006 07 18 0.0 21.6 12.2
2006 07 19 0.0 22.0 12.2
2006 07 20 0.0 20.8 13.4
2006 07 21 0.0 20.6 12.2
2006 07 22 0.0 22.6 12.2
2006 07 23 0.0 23.2 12.0
2006 07 24 0.0 23.0 12.0
2006 07 25 0.0 24.0 11.6
2006 07 26 0.0 25.0 11.4
2006 07 27 0.0 22.8 11.4
2006 07 28 0.0 22.8 11.6
2006 07 29 0.0 23.2 12.4
2006 07 30 0.0 25.2 12.2
2006 07 31 0.0 25.6 12.2
2006 08 01 0.0 22.4 13.2
2006 08 02 0.0 25.2 12.4
2006 08 03 0.0 21.2 12.8
2006 08 04 0.0 21.6 13.4
2006 08 05 0.0 22.2 12.6
2006 08 06 0.0 22.0 12.0
2006 08 07 0.0 23.8 12.0
2006 08 08 0.0 22.0 12.8
2006 08 09 0.0 22.0 12.6
2006 08 10 0.0 22.8 11.8
2006 08 11 0.0 27.0 11.8
2006 08 12 0.0 26.4 13.2
2006 08 13 0.0 25.6 13.8
2006 08 14 0.0 25.4 13.2
2006 08 15 0.0 23.0 13.2
2006 08 16 0.0 22.6 13.8
2006 08 17 0.0 24.4 13.4
2006 08 18 0.0 23.0 13.6
2006 08 19 0.0 24.8 13.4
2006 08 20 0.0 27.9 13.2
2006 08 21 0.0 24.8 14.0
2006 08 22 0.0 25.4 14.3
2006 08 23 0.0 26.6 13.6
2006 08 24 0.0 24.2 13.4
2006 08 25 0.0 27.0 12.6
2006 08 26 0.0 24.6 12.6
2006 08 27 0.0 21.4 12.6
2006 08 28 0.0 23.4 12.8
2006 08 29 0.0 25.6 13.6
2006 08 30 0.0 26.4 13.6
2006 08 31 0.0 22.8 13.4
2006 09 01 0.0 23.4 13.4
2006 09 02 0.0 25.2 13.2
2006 09 03 0.0 25.6 13.6
2006 09 04 0.0 27.6 13.6
2006 09 05 0.0 26.0 13.6
2006 09 06 0.0 25.6 14.1
2006 09 07 0.0 24.0 12.7
2006 09 08 0.0 25.0 12.2
2006 09 09 0.0 23.6 12.4
2006 09 10 0.0 24.2 12.2
2006 09 11 0.0 25.6 11.6
2006 09 12 0.0 25.2 12.2
2006 09 13 0.0 24.8 13.2
2006 09 14 0.0 24.0 13.2
2006 09 15 0.0 24.4 13.4
2006 09 16 0.0 26.4 13.4
2006 09 17 0.0 29.4 13.4
2006 09 18 0.0 26.2 15.0
2006 09 19 0.0 26.2 13.2
2006 09 20 0.0 23.6 10.4
2006 09 21 0.0 23.4 11.6
2006 09 22 0.0 26.6 10.8
2006 09 23 0.0 28.6 10.6
2006 09 24 0.0 23.8 12.6
2006 09 25 0.0 28.8 12.4
2006 09 26 0.0 25.0 12.6
2006 09 27 0.0 26.0 14.0
2006 09 28 0.0 25.8 14.4
2006 09 29 0.0 22.0 14.0
2006 09 30 0.0 25.6 13.6
2006 10 01 0.0 22.0 13.4
2006 10 02 0.0 27.0 12.4
2006 10 03 0.0 25.8 13.4
2006 10 04 0.0 25.6 13.6
2006 10 05 0.0 24.4 12.8
2006 10 06 0.0 24.0 13.0
2006 10 07 0.0 25.2 13.6
2006 10 08 0.0 26.4 13.0
2006 10 09 0.0 27.2 13.4
2006 10 10 0.0 25.0 13.0
2006 10 11 0.0 23.0 13.0
2006 10 12 0.0 24.8 14.4
2006 10 13 0.0 24.4 14.2
2006 10 14 0.0 23.8 14.0
2006 10 15 0.0 24.6 13.8
2006 10 16 0.0 24.6 13.6
2006 10 17 0.0 25.6 13.6
2006 10 18 0.0 24.6 13.8
2006 10 19 0.0 25.6 13.4
2006 10 20 0.0 25.4 13.2
2006 10 21 0.0 25.4 13.2
2006 10 22 0.0 23.8 13.6
2006 10 23 0.0 23.2 13.4
2006 10 24 0.0 26.0 14.8
2006 10 25 0.0 25.8 14.8
2006 10 26 0.0 26.6 15.0
2006 10 27 0.0 26.8 14.6
2006 10 28 0.0 26.2 14.6
2006 10 29 0.0 23.4 14.2
2006 10 30 0.0 23.2 14.2
2006 10 31 0.0 24.6 13.8
2006 11 01 0.0 26.4 13.8
2006 11 02 0.0 26.2 14.0
2006 11 03 0.0 26.4 14.0
2006 11 04 0.0 25.8 14.0
2006 11 05 0.0 25.8 -99.9
2006 11 06 0.0 25.2 -99.9
2006 11 07 0.0 27.4 14.6
2006 11 08 0.0 24.4 15.4
2006 11 09 0.0 25.2 15.6
2006 11 10 0.0 25.4 15.0
2006 11 11 0.0 26.2 15.2
2006 11 12 0.0 25.8 15.4
2006 11 13 0.0 27.4 15.0
2006 11 14 0.0 26.2 15.2
2006 11 15 0.0 24.2 15.2
2006 11 16 0.0 25.6 15.0
2006 11 17 0.0 27.2 15.0
2006 11 18 0.0 25.4 16.4
2006 11 19 0.0 27.8 16.2
2006 11 20 1.2 27.4 16.0
2006 11 21 0.0 27.8 16.0
2006 11 22 0.0 26.4 15.8
2006 11 23 0.0 27.0 14.6
2006 11 24 0.0 27.8 15.4
2006 11 25 0.0 27.6 16.6
2006 11 26 0.0 26.4 17.0
2006 11 27 0.0 28.2 17.0
2006 11 28 0.0 27.6 17.0
2006 11 29 0.0 26.2 16.2
2006 11 30 0.0 27.6 16.4
2006 12 01 0.0 26.6 15.8
2006 12 02 0.0 26.2 16.6
2006 12 03 0.0 27.2 16.4
2006 12 04 0.0 27.4 15.6
2006 12 05 0.0 26.2 17.4
2006 12 06 0.0 26.6 16.6
2006 12 07 0.0 26.6 16.0
2006 12 08 0.0 27.6 16.0
2006 12 09 0.0 28.8 16.2
2006 12 10 0.0 27.8 16.8
2006 12 11 0.0 26.8 17.0
2006 12 12 0.0 23.4 16.8
2006 12 13 0.0 24.0 16.8
2006 12 14 0.0 28.2 17.0
2006 12 15 0.0 28.6 17.0
2006 12 16 0.0 27.8 18.2
2006 12 17 0.0 27.0 18.2
2006 12 18 0.0 27.8 16.4
2006 12 19 0.0 24.0 16.2
2006 12 20 0.0 28.8 16.2
2006 12 21 2.0 28.4 18.2
2006 12 22 0.5 28.6 17.4
2006 12 23 0.0 28.4 17.4
2006 12 24 0.0 -99.9 17.8
2006 12 25 0.0 29.4 17.4
2006 12 26 0.0 28.0 17.6
2006 12 27 0.0 28.0 17.6
2006 12 28 0.3 27.8 17.4
2006 12 29 0.0 29.2 17.8
2006 12 30 0.0 28.6 17.8
2006 12 31 0.0 28.8 17.3
2007 01 01 0.0 28.2 17.3
2007 01 02 0.0 29.0 17.4
2007 01 03 0.0 29.4 19.4
2007 01 04 0.0 29.8 19.4
2007 01 05 0.0 25.4 18.8
2007 01 06 0.0 27.8 18.6
2007 01 07 0.0 27.2 18.6
2007 01 08 0.0 27.4 19.0
2007 01 09 0.0 27.0 19.6
2007 01 10 0.0 28.8 19.0
2007 01 11 0.0 29.4 18.6
2007 01 12 0.0 30.2 18.2
2007 01 13 0.0 27.0 18.6
2007 01 14 0.0 25.0 18.4
2007 01 15 0.0 29.6 18.6
2007 01 16 0.0 29.6 18.4
2007 01 17 0.0 27.2 18.6
2007 01 18 0.0 25.0 19.4
2007 01 19 0.0 28.6 19.4
2007 01 20 0.0 28.8 18.2
2007 01 21 0.0 31.0 21.2
2007 01 22 0.0 29.6 20.6
2007 01 23 0.0 29.8 19.2
2007 01 24 0.0 30.0 19.0
2007 01 25 0.0 30.0 19.2
2007 01 26 0.0 29.0 19.2
2007 01 27 0.0 30.6 19.2
2007 01 28 0.0 30.2 19.2
2007 01 29 0.0 28.8 21.2
2007 01 30 0.0 30.6 20.0
2007 01 31 0.0 29.6 19.6
2007 02 01 0.0 30.6 18.7
2007 02 02 0.0 30.6 18.4
2007 02 03 0.0 30.2 19.0
2007 02 04 0.0 29.6 20.2
2007 02 05 0.0 31.0 20.6
2007 02 06 0.0 29.4 20.0
2007 02 07 0.0 29.8 20.0
2007 02 08 0.0 28.6 20.4
2007 02 09 0.0 29.4 20.6
2007 02 10 0.1 30.4 21.6
2007 02 11 0.0 31.0 19.4
2007 02 12 0.2 29.6 20.2
2007 02 13 0.0 28.1 19.8
2007 02 14 0.0 29.8 19.6
2007 02 15 0.0 30.0 20.6
2007 02 16 0.0 28.4 20.8
2007 02 17 0.0 30.2 20.8
2007 02 18 0.0 29.0 20.7
2007 02 19 0.0 31.0 20.2
2007 02 20 0.0 30.0 18.3
2007 02 21 0.0 30.2 16.8
2007 02 22 0.0 30.4 18.2
2007 02 23 0.0 30.8 18.6
2007 02 24 0.0 29.6 19.5
2007 02 25 0.0 29.8 20.0
2007 02 26 0.0 30.2 20.0
2007 02 27 0.0 31.0 20.0
2007 02 28 0.0 31.0 18.4
2007 03 01 0.0 30.4 19.4
2007 03 02 0.0 30.6 19.6
2007 03 03 0.0 29.4 20.4
2007 03 04 0.0 27.0 20.2
2007 03 05 0.0 28.8 20.8
2007 03 06 0.0 28.2 19.6
2007 03 07 0.0 31.6 19.2
2007 03 08 0.0 27.4 20.2
2007 03 09 0.0 30.2 19.6
2007 03 10 0.0 30.6 19.8
2007 03 11 0.0 31.2 19.2
2007 03 12 0.0 28.2 19.6
2007 03 13 0.0 30.4 18.6
2007 03 14 0.0 28.8 19.6
2007 03 15 0.0 27.4 18.8
2007 03 16 0.0 30.4 19.2
2007 03 17 0.0 26.4 19.6
2007 03 18 0.0 28.8 19.4
2007 03 19 1.4 29.6 19.4
2007 03 20 0.0 30.1 19.4
2007 03 21 0.0 29.0 18.1
2007 03 22 0.0 27.6 18.2
2007 03 23 0.0 29.8 20.0
2007 03 24 0.0 27.8 21.0
2007 03 25 0.0 29.8 18.8
2007 03 26 0.0 29.8 19.2
2007 03 27 0.0 30.2 19.2
2007 03 28 0.0 30.1 21.4
2007 03 29 0.0 30.4 20.9
2007 03 30 0.0 30.8 21.4
2007 03 31 0.0 28.4 19.6
2007 04 01 0.0 29.8 20.0
2007 04 02 0.0 28.6 18.4
2007 04 03 0.0 29.0 18.2
2007 04 04 0.0 29.6 19.2
2007 04 05 0.0 29.6 18.4
2007 04 06 0.0 28.4 19.2
2007 04 07 0.0 30.6 19.2
2007 04 08 0.0 29.6 19.4
2007 04 09 0.0 28.4 19.8
2007 04 10 0.0 28.8 18.4
2007 04 11 0.0 29.3 17.8
2007 04 12 0.0 30.6 17.8
2007 04 13 0.0 29.8 18.2
2007 04 14 0.0 28.4 17.1
2007 04 15 0.0 30.4 18.3
2007 04 16 0.0 30.2 17.8
2007 04 17 0.0 29.0 18.6
2007 04 18 0.0 28.6 18.2
2007 04 19 0.0 29.2 19.6
2007 04 20 0.0 29.2 18.8
2007 04 21 0.0 28.4 19.0
2007 04 22 0.0 28.8 19.2
2007 04 23 0.0 29.8 18.6
2007 04 24 0.0 28.4 17.6
2007 04 25 0.0 28.6 17.3
2007 04 26 0.0 25.6 17.4
2007 04 27 0.0 27.6 17.4
2007 04 28 0.0 29.3 17.4
2007 04 29 0.0 29.6 19.0
2007 04 30 0.0 29.6 18.4
2007 05 01 0.0 27.4 17.8
2007 05 02 0.0 26.8 17.6
2007 05 03 0.0 26.2 17.4
2007 05 04 0.0 30.2 17.3
2007 05 05 0.0 29.2 17.2
2007 05 06 0.0 -99.9 16.4
2007 05 07 0.0 27.2 16.0
2007 05 08 0.0 27.6 17.2
2007 05 09 0.0 26.4 -99.9
2007 05 10 0.0 28.2 16.8
2007 05 11 0.0 28.2 16.2
2007 05 12 0.0 26.4 15.0
2007 05 13 0.0 26.8 15.0
2007 05 14 0.0 27.1 15.6
2007 05 15 0.0 27.8 15.2
2007 05 16 0.0 26.4 15.8
2007 05 17 0.0 27.4 15.2
2007 05 18 0.0 28.4 17.3
2007 05 19 0.0 27.2 16.4
2007 05 20 0.0 27.6 16.0
2007 05 21 0.0 25.6 14.6
2007 05 22 0.0 26.2 14.6
2007 05 23 0.0 26.2 14.3
2007 05 24 0.0 25.6 14.3
2007 05 25 0.0 25.6 14.0
2007 05 26 0.0 25.4 14.0
2007 05 27 0.0 26.8 13.8
2007 05 28 0.0 23.8 13.2
2007 05 29 0.0 26.4 14.4
2007 05 30 0.0 23.6 14.2
2007 05 31 0.0 25.4 13.6
2007 06 01 0.0 25.0 13.4
2007 06 02 0.0 24.8 13.2
2007 06 03 0.0 26.4 13.4
2007 06 04 0.0 26.2 13.2
2007 06 05 0.0 25.2 13.6
2007 06 06 0.0 24.0 13.4
2007 06 07 0.0 26.0 13.4
2007 06 08 0.0 26.2 13.0
2007 06 09 0.0 25.2 13.0
2007 06 10 0.0 26.2 13.2
2007 06 11 0.0 26.4 13.4
2007 06 12 0.0 26.8 14.4
2007 06 13 0.0 25.3 15.4
2007 06 14 0.0 24.4 12.2
2007 06 15 0.0 25.4 13.6
2007 06 16 0.0 25.2 13.4
2007 06 17 0.0 25.6 13.6
2007 06 18 0.0 25.4 15.6
2007 06 19 0.0 24.2 12.2
2007 06 20 0.0 23.4 12.0
2007 06 21 0.0 25.2 12.0
2007 06 22 0.0 23.2 12.0
2007 06 23 0.0 24.4 12.4
2007 06 24 0.0 25.6 12.4
2007 06 25 0.0 24.8 13.0
2007 06 26 0.0 25.4 12.6
2007 06 27 0.0 22.4 13.0
2007 06 28 0.0 24.2 13.2
2007 06 29 0.0 25.4 13.2
2007 06 30 0.0 24.2 13.2
2007 07 01 -99.9 -99.9 -99.9
2007 07 02 -99.9 -99.9 -99.9
2007 07 03 -99.9 -99.9 -99.9
2007 07 04 -99.9 -99.9 -99.9
2007 07 05 -99.9 -99.9 -99.9
2007 07 06 -99.9 -99.9 -99.9
2007 07 07 -99.9 -99.9 -99.9
2007 07 08 -99.9 -99.9 -99.9
2007 07 09 -99.9 -99.9 -99.9
2007 07 10 -99.9 -99.9 -99.9
2007 07 11 -99.9 -99.9 -99.9
2007 07 12 -99.9 -99.9 -99.9
2007 07 13 -99.9 -99.9 -99.9
2007 07 14 -99.9 -99.9 -99.9
2007 07 15 -99.9 -99.9 -99.9
2007 07 16 -99.9 -99.9 -99.9
2007 07 17 -99.9 -99.9 -99.9
2007 07 18 -99.9 -99.9 -99.9
2007 07 19 -99.9 -99.9 -99.9
2007 07 20 -99.9 -99.9 -99.9
2007 07 21 -99.9 -99.9 -99.9
2007 07 22 -99.9 -99.9 -99.9
2007 07 23 -99.9 -99.9 -99.9
2007 07 24 -99.9 -99.9 -99.9
2007 07 25 -99.9 -99.9 -99.9
2007 07 26 -99.9 -99.9 -99.9
2007 07 27 -99.9 -99.9 -99.9
2007 07 28 -99.9 -99.9 -99.9
2007 07 29 -99.9 -99.9 -99.9
2007 07 30 -99.9 -99.9 -99.9
2007 07 31 -99.9 -99.9 -99.9
