2018 01 01 11.2 14.4 5.2
2018 01 02 31.3 14.8 4.0
2018 01 03 8.2 14.0 1.0
2018 01 04 0.5 12.6 4.6
2018 01 05 4.6 17.2 6.0
2018 01 06 9.3 15.4 5.0
2018 01 07 9.4 14.8 4.8
2018 01 08 1.8 13.2 5.0
2018 01 09 3.0 14.4 5.0
2018 01 10 3.0 14.6 4.6
2018 01 11 4.0 13.2 5.0
2018 01 12 16.9 12.8 4.6
2018 01 13 7.3 15.6 1.4
2018 01 14 0.2 15.4 5.0
2018 01 15 2.6 12.2 4.8
2018 01 16 2.0 11.8 6.2
2018 01 17 1.7 13.2 6.0
2018 01 18 24.3 11.4 -99.9
2018 01 19 7.3 15.6 3.8
2018 01 20 5.9 11.8 3.8
2018 01 21 1.1 11.4 5.0
2018 01 22 0.7 11.8 4.8
2018 01 23 13.7 14.4 5.0
2018 01 24 3.9 12.0 4.2
2018 01 25 0.0 16.8 5.0
2018 01 26 4.2 16.0 4.4
2018 01 27 0.0 17.8 4.8
2018 01 28 0.0 15.6 6.0
2018 01 29 0.0 12.8 5.8
2018 01 30 0.0 16.8 3.8
2018 01 31 0.8 14.8 4.2
2018 02 01 1.3 16.8 5.8
2018 02 02 1.1 16.2 5.2
2018 02 03 0.3 14.6 6.8
2018 02 04 8.6 16.4 7.0
2018 02 05 2.6 20.4 7.2
2018 02 06 5.7 17.2 6.8
2018 02 07 7.8 17.6 6.0
2018 02 08 0.5 14.6 5.2
2018 02 09 21.1 12.8 5.2
2018 02 10 34.5 12.4 4.4
2018 02 11 9.0 12.6 -0.2
2018 02 12 2.3 15.2 7.0
2018 02 13 5.6 15.2 5.2
2018 02 14 2.1 11.2 6.0
2018 02 15 1.0 14.4 5.8
2018 02 16 23.1 12.2 5.0
2018 02 17 5.7 15.0 4.0
2018 02 18 2.7 17.2 5.8
2018 02 19 0.3 14.0 5.8
2018 02 20 18.3 16.0 1.8
2018 02 21 1.4 13.6 0.8
2018 02 22 2.6 12.6 6.0
2018 02 23 6.4 13.2 5.4
2018 02 24 7.0 13.8 5.0
2018 02 25 4.3 13.8 5.0
2018 02 26 1.6 15.0 6.0
2018 02 27 0.5 13.4 6.2
2018 02 28 0.5 13.6 5.2
2018 03 01 4.7 12.4 6.2
2018 03 02 3.5 13.2 5.8
2018 03 03 11.2 13.6 6.4
2018 03 04 1.8 11.6 4.4
2018 03 05 1.1 12.8 6.4
2018 03 06 3.0 13.0 4.4
2018 03 07 1.9 12.8 5.2
2018 03 08 7.8 16.0 6.2
2018 03 09 3.0 14.0 3.6
2018 03 10 5.2 15.6 6.8
2018 03 11 1.6 13.6 6.0
2018 03 12 12.6 13.4 5.8
2018 03 13 4.1 13.6 2.2
2018 03 14 1.1 12.8 5.2
2018 03 15 13.9 14.4 6.2
2018 03 16 1.1 12.8 4.6
2018 03 17 0.0 14.2 6.2
2018 03 18 1.2 13.8 7.0
2018 03 19 7.9 13.0 4.4
2018 03 20 10.0 15.8 5.0
2018 03 21 14.9 11.0 6.6
2018 03 22 16.9 14.8 5.8
2018 03 23 2.2 15.8 4.4
2018 03 24 0.2 16.8 5.6
2018 03 25 0.0 14.8 5.4
2018 03 26 0.3 16.0 3.0
2018 03 27 0.3 16.0 5.6
2018 03 28 0.2 16.2 5.2
2018 03 29 0.0 16.2 5.8
2018 03 30 10.8 15.2 3.8
2018 03 31 0.0 15.6 2.8
2018 04 01 0.0 16.8 2.0
2018 04 02 0.0 18.2 2.6
2018 04 03 0.0 -99.9 5.6
2018 04 04 0.0 -99.9 5.2
2018 04 05 0.0 -99.9 3.0
2018 04 06 0.0 12.8 1.8
2018 04 07 0.7 15.6 0.4
2018 04 08 0.0 13.4 2.8
2018 04 09 2.6 14.8 1.4
2018 04 10 2.9 14.8 4.4
2018 04 11 0.0 17.8 4.0
2018 04 12 0.0 18.8 -0.4
2018 04 13 0.7 15.6 3.4
2018 04 14 0.0 16.6 2.0
2018 04 15 0.0 18.6 -0.4
2018 04 16 0.0 18.6 -1.8
2018 04 17 0.0 17.8 0.0
2018 04 18 0.0 15.6 0.4
2018 04 19 0.0 18.2 0.4
2018 04 20 0.0 17.4 2.2
2018 04 21 0.0 17.2 -3.0
2018 04 22 0.0 14.6 1.0
2018 04 23 7.5 13.6 3.4
2018 04 24 2.9 14.2 0.6
2018 04 25 0.0 13.2 3.0
2018 04 26 2.2 14.8 3.2
2018 04 27 6.3 16.2 1.6
2018 04 28 9.5 13.4 2.0
2018 04 29 0.3 14.6 3.2
2018 04 30 3.1 15.6 -0.6
2018 05 01 1.0 14.4 -1.0
2018 05 02 0.0 16.2 2.2
2018 05 03 1.3 16.8 -1.0
2018 05 04 0.0 14.6 3.6
2018 05 05 7.3 13.6 2.0
2018 05 06 0.0 13.8 0.6
2018 05 07 0.0 15.2 2.8
2018 05 08 0.0 13.2 2.0
2018 05 09 0.4 16.0 0.2
2018 05 10 0.0 -99.9 0.6
2018 05 11 0.0 -99.9 -1.0
2018 05 12 0.0 -99.9 -2.2
2018 05 13 0.0 16.6 -2.4
2018 05 14 0.0 16.4 -5.6
2018 05 15 0.0 16.2 -5.2
2018 05 16 0.0 16.0 -3.6
2018 05 17 0.0 16.2 -3.0
2018 05 18 0.0 16.2 -4.2
2018 05 19 0.0 14.8 -5.2
2018 05 20 0.0 16.2 -2.0
2018 05 21 0.0 16.0 -3.2
2018 05 22 0.0 15.6 -3.4
2018 05 23 0.0 14.6 -5.0
2018 05 24 0.0 15.8 -5.6
2018 05 25 0.0 15.6 -6.6
2018 05 26 0.0 16.0 -2.6
2018 05 27 0.0 16.2 -5.2
2018 05 28 0.0 15.0 -5.4
2018 05 29 0.0 15.0 -6.0
2018 05 30 0.0 15.4 -7.2
2018 05 31 0.0 15.4 -7.8
2018 06 01 0.0 15.0 -7.2
2018 06 02 5.9 14.8 -7.2
2018 06 03 6.1 14.8 1.2
2018 06 04 0.0 13.2 2.8
2018 06 05 0.0 14.2 0.0
2018 06 06 0.0 14.4 -1.8
2018 06 07 0.0 14.2 -4.8
2018 06 08 0.0 12.6 -7.2
2018 06 09 7.9 11.4 0.0
2018 06 10 0.4 9.6 0.2
2018 06 11 0.0 10.8 0.4
2018 06 12 0.0 12.6 -2.0
2018 06 13 0.0 12.4 -0.6
2018 06 14 0.0 13.8 -4.0
2018 06 15 0.0 13.8 -4.2
2018 06 16 0.0 13.6 -3.8
2018 06 17 0.0 14.6 -4.8
2018 06 18 0.0 13.8 -5.2
2018 06 19 0.0 14.6 -6.2
2018 06 20 0.0 15.2 -8.6
2018 06 21 0.0 15.8 -5.8
2018 06 22 0.0 15.2 -5.0
2018 06 23 0.0 15.0 -6.8
2018 06 24 0.0 14.0 -6.6
2018 06 25 0.0 13.8 -6.4
2018 06 26 0.0 15.0 -8.0
2018 06 27 0.0 15.0 -5.0
2018 06 28 0.0 14.8 -6.0
2018 06 29 0.0 14.8 -6.8
2018 06 30 0.0 15.6 -5.6
2018 07 01 0.0 16.4 -4.6
2018 07 02 0.0 16.4 -5.0
2018 07 03 0.0 16.2 -6.2
2018 07 04 0.0 15.0 -6.4
2018 07 05 0.0 16.0 -6.6
2018 07 06 0.0 16.4 -4.8
2018 07 07 0.0 18.0 -8.2
2018 07 08 0.0 15.0 -8.4
2018 07 09 0.0 14.8 -6.6
2018 07 10 0.0 13.4 -5.8
2018 07 11 0.0 -99.9 -1.6
2018 07 12 0.0 -99.9 -0.6
2018 07 13 0.0 -99.9 -4.8
2018 07 14 0.0 11.8 -4.4
2018 07 15 0.0 13.8 -7.0
2018 07 16 0.0 13.6 -9.2
2018 07 17 0.0 14.6 -9.0
2018 07 18 0.0 13.8 0.4
2018 07 19 0.0 12.2 1.0
2018 07 20 1.1 12.2 -4.2
2018 07 21 12.9 7.8 0.4
2018 07 22 9.1 10.4 -4.0
2018 07 23 0.0 13.4 -3.6
2018 07 24 0.0 13.8 -5.0
2018 07 25 0.0 14.6 -5.2
2018 07 26 0.0 14.4 -4.8
2018 07 27 0.0 14.6 -8.0
2018 07 28 0.0 16.8 -8.6
2018 07 29 0.0 16.6 -6.8
2018 07 30 0.0 16.8 -6.8
2018 07 31 0.0 15.2 -6.2
2018 08 01 1.1 15.2 -3.2
2018 08 02 0.0 15.8 -4.0
2018 08 03 0.0 13.6 -1.4
2018 08 04 0.2 14.8 -5.0
2018 08 05 0.0 14.0 -1.2
2018 08 06 4.4 10.6 -1.2
2018 08 07 10.9 9.4 -3.2
2018 08 08 0.0 11.4 -2.0
2018 08 09 0.0 14.2 0.8
2018 08 10 0.0 14.8 -3.4
2018 08 11 0.4 14.6 -1.2
2018 08 12 0.4 13.4 1.6
2018 08 13 0.0 13.8 -2.2
2018 08 14 0.0 14.0 -5.0
2018 08 15 0.0 14.6 -5.4
2018 08 16 0.0 14.8 -3.2
2018 08 17 0.0 15.0 -3.4
2018 08 18 0.0 14.6 -2.0
2018 08 19 0.0 14.4 -4.0
2018 08 20 0.0 14.2 -1.6
2018 08 21 0.0 13.4 -1.0
2018 08 22 0.0 16.2 -0.6
2018 08 23 0.0 17.0 -3.6
2018 08 24 0.0 17.0 -5.2
2018 08 25 6.0 13.8 -4.8
2018 08 26 0.1 14.6 -2.4
2018 08 27 11.0 14.4 0.2
2018 08 28 0.0 13.8 -1.4
2018 08 29 0.0 15.4 -4.2
2018 08 30 0.0 15.2 -3.0
2018 08 31 0.0 15.2 -1.2
2018 09 01 0.0 16.4 -0.4
2018 09 02 0.0 18.0 -8.6
2018 09 03 0.0 17.0 -5.8
2018 09 04 0.0 17.4 -5.0
2018 09 05 0.0 17.8 -3.2
2018 09 06 0.0 18.4 0.4
2018 09 07 0.0 18.0 0.2
2018 09 08 0.0 17.0 -0.6
2018 09 09 0.0 17.6 0.2
2018 09 10 0.0 15.6 0.8
2018 09 11 0.0 17.0 2.8
2018 09 12 0.0 19.0 -1.0
2018 09 13 0.0 18.0 -1.0
2018 09 14 0.0 16.4 1.2
2018 09 15 0.0 16.0 0.2
2018 09 16 5.4 16.8 4.4
2018 09 17 0.0 17.0 1.6
2018 09 18 0.0 18.8 -2.4
2018 09 19 0.0 19.2 -1.8
2018 09 20 0.0 19.8 -2.2
2018 09 21 0.0 19.8 -0.6
2018 09 22 0.0 16.4 -1.2
2018 09 23 0.0 17.2 0.2
2018 09 24 1.5 13.0 1.2
2018 09 25 2.5 14.0 3.0
2018 09 26 0.5 14.8 1.6
2018 09 27 1.4 13.4 3.8
2018 09 28 0.0 16.6 3.0
2018 09 29 0.0 18.6 1.8
2018 09 30 0.0 20.2 -0.4
2018 10 01 0.0 19.6 1.2
2018 10 02 0.0 18.2 2.6
2018 10 03 0.0 18.0 0.4
2018 10 04 0.0 11.6 -0.2
2018 10 05 3.6 14.2 0.8
2018 10 06 0.0 16.8 5.6
2018 10 07 4.3 13.8 5.8
2018 10 08 0.0 16.0 3.6
2018 10 09 0.0 17.6 0.2
2018 10 10 14.8 18.0 0.6
2018 10 11 6.0 14.4 1.6
2018 10 12 10.5 12.4 3.6
2018 10 13 1.4 11.6 2.8
2018 10 14 2.6 14.8 2.4
2018 10 15 1.9 10.8 3.8
2018 10 16 24.5 15.6 4.6
2018 10 17 8.1 16.2 0.2
2018 10 18 0.3 14.6 3.6
2018 10 19 10.1 16.4 3.6
2018 10 20 5.2 11.4 5.0
2018 10 21 0.0 16.6 2.0
2018 10 22 0.0 16.2 4.2
2018 10 23 2.4 16.6 5.2
2018 10 24 0.6 11.0 5.6
2018 10 25 7.3 10.8 5.4
2018 10 26 0.4 12.4 3.8
2018 10 27 4.4 15.0 5.6
2018 10 28 0.0 18.4 3.2
2018 10 29 0.0 17.6 4.0
2018 10 30 1.4 17.0 3.2
2018 10 31 2.6 15.2 2.6
2018 11 01 9.5 14.4 2.0
2018 11 02 11.6 14.8 2.8
2018 11 03 0.8 15.2 2.2
2018 11 04 3.8 14.4 1.0
2018 11 05 4.4 15.8 2.4
2018 11 06 0.3 16.4 2.6
2018 11 07 0.8 16.0 2.2
2018 11 08 1.3 17.6 4.6
2018 11 09 0.0 18.4 2.2
2018 11 10 1.7 19.8 1.4
2018 11 11 1.1 17.8 2.4
2018 11 12 0.3 15.4 3.8
2018 11 13 0.0 18.4 2.0
2018 11 14 0.0 16.4 2.8
2018 11 15 6.9 18.2 5.2
2018 11 16 0.3 18.0 3.8
2018 11 17 0.0 18.6 3.6
2018 11 18 10.8 16.6 4.4
2018 11 19 6.4 13.4 3.2
2018 11 20 14.5 16.4 2.4
2018 11 21 9.6 17.8 3.0
2018 11 22 0.0 19.6 2.8
2018 11 23 0.0 20.4 1.8
2018 11 24 0.0 16.8 2.8
2018 11 25 0.0 18.0 2.6
2018 11 26 14.6 18.4 5.4
2018 11 27 4.5 16.6 3.0
2018 11 28 14.2 16.6 5.4
2018 11 29 0.0 17.2 0.4
2018 11 30 0.0 17.2 3.6
2018 12 01 0.0 17.2 0.8
2018 12 02 0.0 14.4 1.8
2018 12 03 0.0 17.8 -0.4
2018 12 04 0.0 19.2 -1.0
2018 12 05 0.0 19.2 -0.8
2018 12 06 1.2 17.8 3.6
2018 12 07 0.6 17.4 0.2
2018 12 08 0.0 19.0 3.6
2018 12 09 0.0 20.8 -2.0
2018 12 10 0.0 20.6 -3.0
2018 12 11 0.0 21.0 2.2
2018 12 12 0.0 21.0 -0.6
2018 12 13 6.5 19.0 0.2
2018 12 14 0.3 17.2 3.0
2018 12 15 27.3 16.2 4.0
2018 12 16 11.6 17.6 4.8
2018 12 17 4.5 14.2 1.4
2018 12 18 0.3 12.0 5.0
2018 12 19 6.3 15.8 5.6
2018 12 20 0.0 14.2 2.0
2018 12 21 9.5 14.0 4.8
2018 12 22 2.5 15.8 2.2
2018 12 23 0.0 17.2 4.2
2018 12 24 10.0 17.0 4.8
2018 12 25 2.0 16.4 4.0
2018 12 26 7.4 15.6 2.8
2018 12 27 4.8 15.4 5.0
2018 12 28 3.2 14.6 4.8
2018 12 29 5.4 13.6 4.6
2018 12 30 0.0 14.6 4.0
2018 12 31 1.1 13.4 4.8
2019 01 01 0.0 14.0 4.2
2019 01 02 13.3 16.8 4.0
2019 01 03 12.2 17.0 3.6
2019 01 04 10.7 14.8 4.6
2019 01 05 5.8 15.2 3.0
2019 01 06 0.0 17.0 5.2
2019 01 07 0.0 18.8 3.8
2019 01 08 11.1 19.2 3.2
2019 01 09 10.7 18.6 3.2
2019 01 10 1.9 13.8 5.6
2019 01 11 3.5 15.6 1.8
2019 01 12 3.8 11.0 2.6
2019 01 13 1.1 13.2 4.0
2019 01 14 0.0 14.4 4.2
2019 01 15 8.7 15.2 4.8
2019 01 16 4.1 14.4 3.2
2019 01 17 1.7 14.2 5.4
2019 01 18 5.7 11.6 4.2
2019 01 19 0.3 15.8 2.6
2019 01 20 3.8 12.8 5.6
2019 01 21 6.2 14.6 6.0
2019 01 22 1.8 13.2 5.0
2019 01 23 0.0 15.0 2.0
2019 01 24 5.4 15.0 4.8
2019 01 25 0.0 18.4 1.8
2019 01 26 0.0 17.0 3.8
2019 01 27 20.9 16.6 4.4
2019 01 28 19.2 16.4 -0.2
2019 01 29 11.8 13.2 4.2
2019 01 30 10.4 11.6 3.6
2019 01 31 2.4 13.4 4.6
2019 02 01 9.7 15.2 3.6
2019 02 02 10.0 13.6 1.6
2019 02 03 3.6 14.0 3.6
2019 02 04 8.2 15.0 4.8
2019 02 05 3.7 14.0 5.0
2019 02 06 6.5 15.8 4.4
2019 02 07 1.8 14.2 4.0
2019 02 08 3.4 13.2 5.4
2019 02 09 12.3 13.2 5.6
2019 02 10 0.6 13.8 4.2
2019 02 11 6.3 14.4 3.8
2019 02 12 12.1 11.8 3.8
2019 02 13 0.3 13.6 4.6
2019 02 14 0.8 16.6 5.4
2019 02 15 23.5 16.0 6.0
2019 02 16 11.6 14.2 4.4
2019 02 17 22.3 12.8 1.6
2019 02 18 7.4 13.8 5.0
2019 02 19 1.1 14.4 4.2
2019 02 20 0.3 13.8 4.6
2019 02 21 2.1 16.4 5.2
2019 02 22 2.6 15.6 5.4
2019 02 23 0.7 18.2 4.2
2019 02 24 1.1 18.4 3.6
2019 02 25 0.0 17.4 4.0
2019 02 26 0.5 15.2 2.2
2019 02 27 6.9 13.2 5.6
2019 02 28 0.0 14.2 2.6
2019 03 01 4.1 14.8 3.0
2019 03 02 0.0 13.8 5.4
2019 03 03 0.0 16.2 3.4
2019 03 04 0.0 16.8 4.8
2019 03 05 2.9 15.6 1.8
2019 03 06 0.4 17.4 5.2
2019 03 07 1.5 17.2 5.6
2019 03 08 1.3 15.4 4.0
2019 03 09 0.0 13.6 4.0
2019 03 10 11.3 15.4 3.6
2019 03 11 0.0 14.8 5.0
2019 03 12 11.5 13.2 5.0
2019 03 13 4.2 14.4 4.2
2019 03 14 0.0 15.0 5.8
2019 03 15 0.3 15.4 5.4
2019 03 16 0.9 15.2 3.8
2019 03 17 5.7 15.8 5.6
2019 03 18 16.3 12.8 5.2
2019 03 19 26.6 13.2 2.8
2019 03 20 5.2 12.8 4.6
2019 03 21 6.0 12.2 5.4
2019 03 22 0.0 14.2 2.8
2019 03 23 11.7 16.4 5.2
2019 03 24 24.2 14.8 5.2
2019 03 25 3.1 14.4 2.4
2019 03 26 0.0 15.6 5.2
2019 03 27 15.7 14.8 6.0
2019 03 28 3.4 12.4 5.0
2019 03 29 1.5 14.6 4.0
2019 03 30 0.3 16.2 5.6
2019 03 31 0.0 15.0 5.4
2019 04 01 0.0 17.2 5.6
2019 04 02 3.5 14.8 5.0
2019 04 03 1.0 14.6 4.8
2019 04 04 0.0 15.6 5.2
2019 04 05 0.0 16.8 0.0
2019 04 06 0.0 15.8 1.8
2019 04 07 4.6 16.2 0.8
2019 04 08 3.0 14.6 5.2
2019 04 09 4.7 18.4 4.2
2019 04 10 0.0 15.8 1.2
2019 04 11 0.0 16.8 1.8
2019 04 12 0.0 15.4 -0.8
2019 04 13 0.0 16.8 3.0
2019 04 14 0.0 17.4 1.2
2019 04 15 0.0 17.6 3.4
2019 04 16 3.7 14.2 4.6
2019 04 17 15.8 12.8 4.2
2019 04 18 0.4 13.2 4.0
2019 04 19 7.0 15.4 5.2
2019 04 20 1.7 13.4 3.0
2019 04 21 0.0 17.8 1.8
2019 04 22 0.0 14.4 3.2
2019 04 23 0.0 14.6 0.4
2019 04 24 0.0 14.6 3.8
2019 04 25 0.0 14.8 5.2
2019 04 26 1.7 16.8 4.2
2019 04 27 0.0 17.0 1.8
2019 04 28 2.0 16.2 2.6
2019 04 29 7.1 15.0 1.4
2019 04 30 3.9 13.4 3.8
2019 05 01 0.0 14.2 1.8
2019 05 02 0.0 17.0 -0.8
2019 05 03 0.0 17.4 0.2
2019 05 04 7.9 14.8 1.4
2019 05 05 0.0 14.0 1.8
2019 05 06 0.0 14.4 1.8
2019 05 07 0.0 16.0 1.0
2019 05 08 0.0 15.4 2.4
2019 05 09 0.0 15.6 2.4
2019 05 10 0.0 17.0 -0.4
2019 05 11 0.0 15.6 -1.0
2019 05 12 0.0 15.4 -0.4
2019 05 13 0.2 13.4 4.2
2019 05 14 0.0 15.8 3.2
2019 05 15 0.0 16.2 0.4
2019 05 16 0.0 15.0 -2.2
2019 05 17 0.0 -99.9 -4.4
2019 05 18 0.0 -99.9 -3.4
2019 05 19 0.0 -99.9 -1.2
2019 05 20 0.0 15.0 -3.6
2019 05 21 0.0 15.4 -4.2
2019 05 22 0.0 14.2 -3.4
2019 05 23 0.0 14.6 -1.6
2019 05 24 0.0 14.6 -4.2
2019 05 25 0.0 15.6 -4.8
2019 05 26 0.0 15.4 -3.6
2019 05 27 0.0 16.0 -3.6
2019 05 28 0.0 -99.9 -3.8
2019 05 29 0.0 -99.9 -4.8
2019 05 30 0.0 -99.9 -5.0
2019 05 31 0.0 17.4 -6.8
2019 06 01 0.0 16.6 -3.6
2019 06 02 0.0 15.6 -5.2
2019 06 03 0.0 16.2 -99.9
2019 06 04 0.0 17.4 -1.0
2019 06 05 0.0 16.2 -4.8
2019 06 06 0.0 15.8 -6.4
2019 06 07 0.0 15.2 -8.0
2019 06 08 0.0 15.6 -7.2
2019 06 09 0.0 14.2 -5.8
2019 06 10 0.0 16.8 -5.2
2019 06 11 0.5 16.0 -3.0
2019 06 12 0.0 16.6 -4.0
2019 06 13 0.0 17.4 -2.2
2019 06 14 0.0 15.4 -3.2
2019 06 15 0.0 15.6 -3.8
2019 06 16 0.0 10.6 1.8
2019 06 17 0.0 14.0 1.6
2019 06 18 0.0 16.6 -4.2
2019 06 19 1.4 16.8 -2.6
2019 06 20 0.0 17.0 -3.2
2019 06 21 0.0 17.6 -7.8
2019 06 22 0.0 18.0 -5.4
2019 06 23 0.0 16.6 -6.4
2019 06 24 0.0 15.8 -7.2
2019 06 25 0.0 15.6 -7.4
2019 06 26 0.0 15.0 -7.4
2019 06 27 0.0 14.0 -6.2
2019 06 28 0.0 14.6 -4.2
2019 06 29 0.0 15.0 -1.2
2019 06 30 0.0 15.6 -3.2
2019 07 01 0.0 16.8 -5.2
2019 07 02 0.0 18.4 -5.0
2019 07 03 0.0 17.8 -6.2
2019 07 04 0.0 18.4 -6.6
2019 07 05 0.0 15.4 -5.4
2019 07 06 0.0 15.4 -4.8
2019 07 07 0.2 17.6 -4.4
2019 07 08 0.0 17.6 -4.2
2019 07 09 0.0 18.6 -4.8
2019 07 10 0.0 16.8 -7.2
2019 07 11 0.0 16.8 -7.8
2019 07 12 0.0 17.2 -6.8
2019 07 13 0.0 16.0 -6.4
2019 07 14 0.0 15.4 -4.4
2019 07 15 0.0 16.2 -4.2
2019 07 16 0.0 14.4 -4.4
2019 07 17 0.0 12.6 1.4
2019 07 18 0.0 13.6 -0.8
2019 07 19 0.0 13.8 -4.0
2019 07 20 0.0 14.4 -4.8
2019 07 21 0.0 14.2 -5.4
2019 07 22 0.0 14.6 -5.4
2019 07 23 0.0 13.4 -5.2
2019 07 24 0.0 13.0 -0.6
2019 07 25 0.0 13.8 -7.8
2019 07 26 0.0 15.6 -9.4
2019 07 27 0.0 15.0 -7.6
2019 07 28 0.0 15.8 -6.4
2019 07 29 0.0 16.6 -4.4
2019 07 30 0.0 17.0 -3.2
2019 07 31 0.0 16.8 -5.4
2019 08 01 0.0 17.6 -4.6
2019 08 02 0.0 17.4 -4.4
2019 08 03 0.0 17.6 -3.0
2019 08 04 0.0 17.2 -7.0
2019 08 05 0.0 18.6 -8.0
2019 08 06 0.0 17.4 -7.4
2019 08 07 0.0 16.8 -7.2
2019 08 08 0.0 16.6 -6.8
2019 08 09 0.0 14.8 -6.0
2019 08 10 0.0 16.4 -5.2
2019 08 11 0.0 16.8 -7.0
2019 08 12 0.0 18.8 -5.8
2019 08 13 0.0 16.4 -7.4
2019 08 14 0.1 19.6 -4.2
2019 08 15 0.0 19.0 -4.2
2019 08 16 0.0 19.4 -5.0
2019 08 17 0.0 19.0 -4.4
2019 08 18 0.0 18.8 -5.4
2019 08 19 0.0 17.6 -3.2
2019 08 20 0.5 16.6 -1.6
2019 08 21 0.0 16.4 -1.2
2019 08 22 0.0 18.6 -2.0
2019 08 23 0.0 15.4 -3.2
2019 08 24 0.0 17.2 -3.2
2019 08 25 0.0 16.8 -1.8
2019 08 26 0.0 18.0 -7.6
2019 08 27 0.0 15.6 -4.6
2019 08 28 0.0 17.2 -2.4
2019 08 29 0.0 19.4 -3.8
2019 08 30 0.0 17.2 -4.2
2019 08 31 0.0 17.8 -2.4
2019 09 01 0.0 16.6 -3.8
2019 09 02 0.0 17.6 0.6
2019 09 03 0.0 17.2 0.4
2019 09 04 0.0 14.4 0.2
2019 09 05 0.0 13.6 3.6
2019 09 06 0.0 15.8 -1.0
2019 09 07 0.0 14.8 -2.2
2019 09 08 0.0 15.6 -0.8
2019 09 09 0.0 15.0 -4.2
2019 09 10 0.0 16.8 -3.4
2019 09 11 0.0 13.4 -2.0
2019 09 12 0.0 16.2 2.8
2019 09 13 0.5 16.2 1.4
2019 09 14 0.0 17.6 -1.0
2019 09 15 0.0 17.6 -2.0
2019 09 16 0.0 20.4 -1.6
2019 09 17 0.0 19.2 -3.8
2019 09 18 0.0 20.2 -2.2
2019 09 19 0.0 19.6 0.8
2019 09 20 0.0 18.0 3.0
2019 09 21 0.5 14.4 3.0
2019 09 22 0.8 15.6 4.6
2019 09 23 0.0 18.6 -2.6
2019 09 24 1.0 20.4 -1.2
2019 09 25 0.0 18.0 1.0
2019 09 26 0.0 19.4 1.2
2019 09 27 0.0 20.8 1.0
2019 09 28 0.0 22.4 -1.8
2019 09 29 0.0 20.6 -4.4
2019 09 30 0.0 17.6 -1.2
2019 10 01 0.0 15.6 4.0
2019 10 02 0.0 14.8 0.2
2019 10 03 0.3 17.8 3.6
2019 10 04 0.0 15.8 3.4
2019 10 05 4.8 14.6 1.4
2019 10 06 0.0 15.8 2.0
2019 10 07 0.0 18.8 2.6
2019 10 08 0.0 19.6 -6.2
2019 10 09 0.0 19.4 -2.0
2019 10 10 0.0 20.6 -4.2
2019 10 11 0.0 19.0 -2.4
2019 10 12 0.0 16.8 0.2
2019 10 13 0.7 17.8 2.4
2019 10 14 0.0 17.0 2.0
2019 10 15 2.3 15.4 1.6
2019 10 16 7.7 16.8 4.0
2019 10 17 4.6 12.8 3.8
2019 10 18 11.0 11.8 3.8
2019 10 19 4.1 14.0 3.6
2019 10 20 0.0 18.0 2.8
2019 10 21 0.0 18.8 1.2
2019 10 22 0.0 20.2 1.0
2019 10 23 0.0 20.8 0.2
2019 10 24 0.0 19.4 -0.8
2019 10 25 5.3 20.2 2.6
2019 10 26 3.2 17.8 4.0
2019 10 27 0.0 18.4 4.8
2019 10 28 0.0 19.8 2.0
2019 10 29 0.0 19.8 2.0
2019 10 30 2.3 19.2 -1.0
2019 10 31 15.5 17.8 0.2
2019 11 01 9.2 12.0 1.8
2019 11 02 0.4 17.0 3.4
2019 11 03 14.5 16.2 5.0
2019 11 04 26.5 17.4 1.8
2019 11 05 2.7 13.4 2.0
2019 11 06 0.4 12.8 3.8
2019 11 07 10.7 16.2 3.8
2019 11 08 12.4 16.0 5.2
2019 11 09 0.0 16.0 4.0
2019 11 10 29.9 17.4 5.2
2019 11 11 17.5 12.2 0.2
2019 11 12 0.6 14.6 3.0
2019 11 13 0.2 16.6 3.8
2019 11 14 6.3 17.8 4.8
2019 11 15 3.6 16.2 5.8
2019 11 16 9.0 16.2 4.2
2019 11 17 6.1 15.0 3.6
2019 11 18 5.0 18.6 3.6
2019 11 19 0.0 16.6 5.0
2019 11 20 0.0 18.2 4.8
2019 11 21 11.0 19.6 6.2
2019 11 22 2.0 16.0 3.2
2019 11 23 5.7 16.0 2.8
2019 11 24 1.6 12.6 4.8
2019 11 25 3.7 17.8 4.8
2019 11 26 3.3 16.6 3.2
2019 11 27 0.0 18.4 3.8
2019 11 28 0.0 19.2 6.0
2019 11 29 0.0 19.6 2.2
2019 11 30 0.0 17.8 4.2
2019 12 01 0.5 18.0 2.8
2019 12 02 15.1 15.8 5.6
2019 12 03 10.7 15.8 3.2
2019 12 04 31.6 16.0 4.0
2019 12 05 0.9 14.6 0.6
2019 12 06 46.0 14.2 5.2
2019 12 07 2.6 15.0 0.6
2019 12 08 0.0 15.4 5.2
2019 12 09 2.5 17.0 2.6
2019 12 10 6.7 17.4 4.8
2019 12 11 0.0 16.2 4.0
2019 12 12 4.2 17.2 3.8
2019 12 13 0.0 16.2 2.4
2019 12 14 4.9 17.0 3.6
2019 12 15 5.6 17.4 4.8
2019 12 16 3.1 14.2 3.6
2019 12 17 1.7 15.2 1.2
2019 12 18 1.2 16.6 5.2
2019 12 19 29.7 14.2 4.6
2019 12 20 9.6 17.4 2.0
2019 12 21 1.4 14.8 5.2
2019 12 22 0.0 15.2 5.8
2019 12 23 6.5 15.2 4.0
2019 12 24 15.1 12.2 4.0
2019 12 25 3.1 15.0 5.0
2019 12 26 15.0 14.2 5.8
2019 12 27 0.0 17.2 3.8
2019 12 28 1.9 18.2 6.0
2019 12 29 12.5 16.8 4.4
2019 12 30 0.5 16.4 3.8
2019 12 31 26.7 15.8 5.8
2020 01 01 7.7 14.2 1.4
2020 01 02 13.9 10.6 4.4
2020 01 03 6.7 13.0 5.4
2020 01 04 10.4 14.2 5.0
2020 01 05 5.3 15.6 4.4
2020 01 06 1.5 17.2 2.8
2020 01 07 0.0 17.6 2.0
2020 01 08 0.0 17.4 4.8
2020 01 09 4.5 15.2 3.6
2020 01 10 4.1 16.6 4.2
2020 01 11 0.0 15.6 3.2
2020 01 12 2.3 15.0 3.8
2020 01 13 1.4 13.8 5.2
2020 01 14 16.7 14.2 6.0
2020 01 15 11.5 12.8 4.6
2020 01 16 15.9 13.8 5.0
2020 01 17 0.7 13.8 4.4
2020 01 18 0.1 13.6 5.8
2020 01 19 3.5 15.0 5.8
2020 01 20 0.9 13.0 5.0
2020 01 21 3.1 13.8 5.2
2020 01 22 16.3 13.2 5.8
2020 01 23 3.4 14.2 4.6
2020 01 24 0.0 17.2 3.8
2020 01 25 1.1 17.6 5.2
2020 01 26 0.0 17.8 3.6
2020 01 27 16.5 19.2 3.6
2020 01 28 5.8 17.4 3.4
2020 01 29 0.4 19.6 5.2
2020 01 30 11.5 15.2 4.6
2020 01 31 0.6 14.8 3.4
2020 02 01 0.3 11.0 5.6
2020 02 02 6.5 15.8 6.2
2020 02 03 21.1 13.8 4.0
2020 02 04 2.1 14.2 2.0
2020 02 05 0.0 13.8 4.8
2020 02 06 22.8 14.8 5.2
2020 02 07 8.6 16.6 1.4
2020 02 08 9.8 12.0 5.4
2020 02 09 5.3 15.4 5.2
2020 02 10 6.6 11.4 4.8
2020 02 11 2.7 13.4 4.4
2020 02 12 6.8 10.6 4.8
2020 02 13 1.8 12.6 5.4
2020 02 14 4.3 14.6 4.8
2020 02 15 0.8 15.0 4.6
2020 02 16 1.3 13.4 5.0
2020 02 17 4.1 16.6 5.6
2020 02 18 12.4 14.2 5.4
2020 02 19 4.3 15.8 5.4
2020 02 20 4.3 14.6 5.0
2020 02 21 4.1 11.0 4.8
2020 02 22 4.2 13.4 5.0
2020 02 23 2.0 17.6 5.8
2020 02 24 0.0 15.4 5.2
2020 02 25 0.0 16.0 5.8
2020 02 26 3.5 14.2 4.0
2020 02 27 4.9 15.6 4.8
2020 02 28 0.2 13.8 5.0
2020 02 29 9.1 15.8 5.8
2020 03 01 1.9 16.2 5.0
2020 03 02 6.2 16.8 4.6
2020 03 03 0.9 18.2 4.2
2020 03 04 9.0 17.0 4.8
2020 03 05 0.0 17.2 4.6
2020 03 06 16.9 16.0 5.8
2020 03 07 10.3 16.2 3.6
2020 03 08 0.0 16.6 4.0
2020 03 09 2.0 15.6 4.6
2020 03 10 0.0 15.6 2.4
2020 03 11 4.9 15.2 4.4
2020 03 12 3.3 12.4 4.2
2020 03 13 3.2 13.2 5.0
2020 03 14 7.8 15.6 4.8
2020 03 15 16.0 16.2 4.2
2020 03 16 8.6 13.6 3.6
2020 03 17 0.0 14.6 3.8
2020 03 18 4.2 14.0 4.4
2020 03 19 0.6 15.0 4.8
2020 03 20 4.2 13.2 5.4
2020 03 21 3.4 14.2 4.4
2020 03 22 5.9 13.2 5.0
2020 03 23 5.6 13.0 4.0
2020 03 24 4.0 15.8 4.4
2020 03 25 0.0 15.6 4.4
2020 03 26 4.4 17.2 1.8
2020 03 27 2.5 15.2 5.0
2020 03 28 10.2 16.0 5.8
2020 03 29 7.3 11.6 4.8
2020 03 30 4.2 15.2 1.2
2020 03 31 5.1 14.6 4.0
2020 04 01 0.0 16.4 4.0
2020 04 02 0.0 13.8 3.6
2020 04 03 0.2 15.8 2.8
2020 04 04 0.0 14.2 5.0
2020 04 05 6.6 16.4 3.4
2020 04 06 6.9 14.6 4.2
2020 04 07 11.8 16.6 0.4
2020 04 08 0.0 16.2 3.8
2020 04 09 0.8 16.8 4.8
2020 04 10 0.0 17.0 4.4
2020 04 11 0.0 16.8 2.0
2020 04 12 0.0 17.2 0.2
2020 04 13 0.0 17.0 0.4
2020 04 14 0.0 17.0 -0.4
2020 04 15 0.0 16.0 -0.4
2020 04 16 0.0 15.2 0.2
2020 04 17 0.0 15.0 1.4
2020 04 18 0.0 15.4 2.0
2020 04 19 0.0 14.2 3.2
2020 04 20 0.0 15.0 2.0
2020 04 21 0.0 16.0 -0.8
2020 04 22 0.0 16.2 2.8
2020 04 23 0.2 16.0 1.0
2020 04 24 0.0 16.6 3.6
2020 04 25 0.0 17.0 1.4
2020 04 26 2.1 13.2 4.0
2020 04 27 0.0 15.4 3.6
2020 04 28 0.0 17.2 5.2
2020 04 29 0.0 16.6 2.8
2020 04 30 1.4 17.0 5.2
2020 05 01 0.6 15.8 3.2
2020 05 02 1.5 13.4 2.6
2020 05 03 2.5 13.6 4.0
2020 05 04 6.6 -99.9 3.4
2020 05 05 0.0 17.2 3.2
2020 05 06 5.2 16.0 1.6
2020 05 07 0.0 13.4 2.6
2020 05 08 0.0 17.0 0.6
2020 05 09 0.0 16.2 4.2
2020 05 10 0.0 17.8 1.8
2020 05 11 0.0 16.6 -1.4
2020 05 12 0.0 16.2 -1.4
2020 05 13 0.0 15.2 -4.4
2020 05 14 0.0 15.0 -4.2
2020 05 15 0.0 15.6 -4.4
2020 05 16 0.0 15.0 -2.4
2020 05 17 0.0 14.8 -1.8
2020 05 18 0.0 15.4 -2.4
2020 05 19 0.0 14.8 -0.4
2020 05 20 0.0 14.8 -3.8
2020 05 21 0.0 14.4 -2.2
2020 05 22 0.0 13.6 -3.4
2020 05 23 0.0 16.2 -0.6
2020 05 24 0.0 17.8 -2.4
2020 05 25 0.0 18.4 -5.6
2020 05 26 0.0 15.6 -9.2
2020 05 27 0.0 15.8 -7.8
2020 05 28 0.0 16.4 -7.2
2020 05 29 0.0 16.2 -5.6
2020 05 30 0.0 16.2 -7.0
2020 05 31 0.0 15.4 -7.4
2020 06 01 0.0 14.4 -4.2
2020 06 02 0.0 13.8 -4.6
2020 06 03 0.0 13.8 -4.8
2020 06 04 0.0 14.0 -4.2
2020 06 05 0.0 14.6 1.8
2020 06 06 0.0 12.8 2.8
2020 06 07 0.0 14.2 -2.4
2020 06 08 0.0 16.6 -3.2
2020 06 09 0.0 17.8 -2.4
2020 06 10 0.0 17.4 0.8
2020 06 11 0.0 17.0 -2.0
2020 06 12 0.0 17.2 -4.0
2020 06 13 0.0 17.0 -5.0
2020 06 14 0.0 15.8 -2.2
2020 06 15 0.0 15.4 -3.2
2020 06 16 0.0 16.2 1.2
2020 06 17 0.0 18.0 -4.0
2020 06 18 0.0 18.6 -4.6
2020 06 19 0.0 17.4 -4.2
2020 06 20 0.0 17.0 -6.4
2020 06 21 0.0 17.8 -4.6
2020 06 22 0.0 16.2 -7.0
2020 06 23 0.0 15.8 -3.4
2020 06 24 0.0 15.4 -5.8
2020 06 25 0.0 16.4 -8.2
2020 06 26 0.0 16.0 -7.4
2020 06 27 0.0 16.6 -7.0
2020 06 28 0.0 15.4 -7.2
2020 06 29 0.0 16.0 -8.0
2020 06 30 0.0 16.4 -8.6
2020 07 01 0.0 16.6 -7.8
2020 07 02 0.0 18.0 -8.6
2020 07 03 0.0 17.8 -7.4
2020 07 04 0.0 17.2 -7.2
2020 07 05 0.0 17.0 -5.6
2020 07 06 0.0 15.0 -5.2
2020 07 07 0.0 14.6 -2.4
2020 07 08 0.0 15.0 -7.0
2020 07 09 0.0 13.0 -8.6
2020 07 10 0.0 15.2 -4.8
2020 07 11 0.0 16.6 -5.0
2020 07 12 0.0 17.2 -5.4
2020 07 13 0.3 15.2 -4.0
2020 07 14 0.0 15.8 -3.4
2020 07 15 0.0 15.2 -4.0
2020 07 16 0.0 17.6 -5.8
2020 07 17 0.0 17.2 -5.2
2020 07 18 0.0 -99.9 -3.4
2020 07 19 0.0 -99.9 -4.0
2020 07 20 0.0 -99.9 -5.4
2020 07 21 0.0 17.6 -7.2
2020 07 22 0.0 17.4 -6.0
2020 07 23 0.0 14.2 -4.4
2020 07 24 0.0 15.2 0.6
2020 07 25 0.0 14.6 -3.4
2020 07 26 0.0 16.0 -5.2
2020 07 27 0.0 17.8 -7.6
2020 07 28 0.0 17.6 -8.6
2020 07 29 0.0 16.2 -6.4
2020 07 30 0.0 17.2 -4.4
2020 07 31 0.0 18.8 -5.8
2020 08 01 0.0 18.6 -5.8
2020 08 02 0.0 20.8 -7.0
2020 08 03 0.0 19.2 -8.8
2020 08 04 0.0 19.0 -8.4
2020 08 05 0.0 19.4 -6.6
2020 08 06 0.0 18.2 -6.8
2020 08 07 0.0 17.0 -7.4
2020 08 08 0.0 17.8 -6.6
2020 08 09 0.0 17.0 -7.4
2020 08 10 0.0 17.2 -6.4
2020 08 11 0.0 15.4 -3.8
2020 08 12 0.0 14.4 1.8
2020 08 13 0.0 15.4 -4.4
2020 08 14 0.0 15.0 -5.0
2020 08 15 0.0 15.8 -4.6
2020 08 16 0.0 16.8 -2.6
2020 08 17 0.0 17.4 -3.8
2020 08 18 0.0 16.2 1.0
2020 08 19 0.0 17.6 -3.2
2020 08 20 0.0 16.4 -3.8
2020 08 21 0.0 19.2 -1.8
2020 08 22 0.0 17.2 1.0
2020 08 23 0.0 18.4 -2.8
2020 08 24 0.0 17.8 -4.2
2020 08 25 0.0 18.0 -4.4
2020 08 26 0.0 19.0 -3.6
2020 08 27 0.0 18.4 -5.8
2020 08 28 0.0 18.8 -4.6
2020 08 29 0.0 18.6 -1.4
2020 08 30 0.0 18.2 -1.6
2020 08 31 0.0 15.0 -1.2
2020 09 01 0.0 15.2 -0.8
2020 09 02 0.0 16.0 -0.6
2020 09 03 0.0 17.6 -0.8
2020 09 04 0.0 18.2 -0.6
2020 09 05 0.0 19.4 -1.0
2020 09 06 0.0 -99.9 0.4
2020 09 07 1.5 14.6 1.4
2020 09 08 2.4 15.0 3.4
2020 09 09 0.0 18.4 0.2
2020 09 10 0.0 18.8 -2.0
2020 09 11 0.0 17.8 -1.2
2020 09 12 0.0 16.4 0.8
2020 09 13 0.0 16.6 -2.6
2020 09 14 0.0 15.2 -0.4
2020 09 15 0.0 15.8 2.8
2020 09 16 0.0 17.2 3.8
2020 09 17 0.5 15.8 -0.8
2020 09 18 0.8 15.0 1.4
2020 09 19 0.0 18.4 3.2
2020 09 20 0.0 19.0 2.8
2020 09 21 0.0 19.4 3.6
2020 09 22 0.0 18.8 3.0
2020 09 23 0.0 20.6 -1.0
2020 09 24 0.0 17.4 -6.2
2020 09 25 0.0 18.6 -2.8
2020 09 26 0.0 19.4 -1.8
2020 09 27 0.0 18.0 -0.6
2020 09 28 7.9 16.4 2.4
2020 09 29 0.9 11.8 1.4
2020 09 30 0.0 15.8 3.6
2020 10 01 0.0 15.2 1.4
2020 10 02 6.7 18.0 3.6
2020 10 03 0.0 15.8 3.8
2020 10 04 0.2 14.2 3.4
2020 10 05 0.0 18.0 1.2
2020 10 06 0.0 18.0 -0.6
2020 10 07 0.0 15.2 2.8
2020 10 08 0.2 17.4 3.6
2020 10 09 0.0 19.2 1.2
2020 10 10 0.1 17.4 -0.6
2020 10 11 1.6 16.4 1.8
2020 10 12 7.7 18.2 1.4
2020 10 13 1.3 16.2 3.8
2020 10 14 0.7 11.8 3.4
2020 10 15 0.2 10.4 4.0
2020 10 16 5.8 14.4 2.8
2020 10 17 0.0 16.2 3.2
2020 10 18 0.0 17.6 2.6
2020 10 19 0.0 18.2 3.6
2020 10 20 0.0 17.4 4.6
2020 10 21 0.0 14.0 3.0
2020 10 22 9.9 16.8 3.6
2020 10 23 1.5 15.6 4.4
2020 10 24 0.0 15.6 3.0
2020 10 25 0.0 18.2 0.4
2020 10 26 0.7 20.0 1.2
2020 10 27 0.0 19.0 1.2
2020 10 28 0.0 19.6 -2.8
2020 10 29 0.0 19.0 -2.4
2020 10 30 0.0 18.0 2.8
2020 10 31 8.1 18.2 5.0
2020 11 01 2.4 19.2 4.2
2020 11 02 0.0 17.8 3.4
2020 11 03 0.0 14.4 3.2
2020 11 04 0.0 16.2 2.0
2020 11 05 0.0 19.8 -0.6
2020 11 06 0.0 19.8 0.6
2020 11 07 0.0 20.0 -0.6
2020 11 08 0.0 18.6 5.0
2020 11 09 4.1 19.4 3.2
2020 11 10 6.2 18.4 4.2
2020 11 11 0.6 17.8 4.4
2020 11 12 0.0 19.6 1.2
2020 11 13 0.0 20.0 1.6
2020 11 14 0.0 20.2 0.8
2020 11 15 0.2 19.8 0.6
2020 11 16 4.8 16.2 4.2
2020 11 17 0.0 21.6 5.2
2020 11 18 0.0 22.2 -1.4
2020 11 19 0.0 17.8 2.8
2020 11 20 0.0 18.8 3.0
2020 11 21 0.0 19.8 4.6
2020 11 22 0.0 20.4 4.2
2020 11 23 0.0 20.0 1.4
2020 11 24 0.0 22.6 -1.6
2020 11 25 0.8 22.4 2.8
2020 11 26 7.5 18.4 4.2
2020 11 27 7.2 15.8 3.8
2020 11 28 1.1 15.0 3.2
2020 11 29 0.6 12.6 5.6
2020 11 30 4.7 17.6 6.4
2020 12 01 16.7 16.4 5.6
2020 12 02 8.7 16.2 3.6
2020 12 03 8.0 16.4 5.2
2020 12 04 0.3 15.6 2.8
2020 12 05 2.5 14.2 5.4
2020 12 06 4.8 13.0 5.6
2020 12 07 0.3 15.8 4.8
2020 12 08 0.5 16.2 2.8
2020 12 09 0.0 19.2 1.2
2020 12 10 0.0 13.4 3.0
2020 12 11 0.0 20.2 0.2
2020 12 12 3.9 18.6 1.2
2020 12 13 2.8 15.8 3.8
2020 12 14 0.2 17.6 1.2
2020 12 15 0.0 18.8 1.6
2020 12 16 0.0 16.8 6.0
2020 12 17 6.2 15.0 3.8
2020 12 18 5.4 13.6 4.0
2020 12 19 0.0 16.2 3.4
2020 12 20 7.1 15.6 1.8
2020 12 21 5.2 14.8 4.0
2020 12 22 2.6 10.0 5.2
2020 12 23 9.0 15.4 5.0
2020 12 24 3.8 14.6 4.2
2020 12 25 25.1 14.6 4.8
2020 12 26 8.9 12.2 1.6
2020 12 27 7.3 16.0 4.2
2020 12 28 9.8 12.0 4.4
2020 12 29 5.7 13.6 4.8
2020 12 30 0.7 15.2 4.6
2020 12 31 1.8 14.6 5.0
