1991 01 01 0.0 27.2 19.8
1991 01 02 0.0 24.4 19.0
1991 01 03 0.0 27.3 18.7
1991 01 04 0.0 28.8 19.6
1991 01 05 0.0 28.0 19.7
1991 01 06 0.01 25.7 20.6
1991 01 07 0.0 26.5 20.0
1991 01 08 0.0 26.0 20.0
1991 01 09 0.0 27.0 19.8
1991 01 10 0.0 26.4 19.8
1991 01 11 0.0 25.6 18.7
1991 01 12 0.0 23.3 18.0
1991 01 13 0.0 22.5 16.1
1991 01 14 0.0 26.4 16.5
1991 01 15 0.0 25.9 19.8
1991 01 16 0.0 26.5 17.8
1991 01 17 0.0 25.2 19.0
1991 01 18 0.0 25.0 19.1
1991 01 19 0.0 25.3 18.7
1991 01 20 0.0 26.1 20.0
1991 01 21 0.0 26.7 20.5
1991 01 22 0.0 25.3 19.0
1991 01 23 0.0 26.0 19.1
1991 01 24 0.01 26.5 18.8
1991 01 25 0.0 25.5 20.0
1991 01 26 0.1 25.5 19.4
1991 01 27 0.0 27.0 19.8
1991 01 28 0.0 27.4 -99.9
1991 01 29 0.0 27.2 -99.9
1991 01 30 0.0 26.8 -99.9
1991 01 31 0.0 29.5 19.8
1991 02 01 -99.9 27.5 19.9
1991 02 02 0.0 29.0 19.9
1991 02 03 0.0 30.5 18.8
1991 02 04 0.0 27.0 19.7
1991 02 05 0.0 27.6 18.9
1991 02 06 0.0 24.8 20.1
1991 02 07 0.0 25.9 19.0
1991 02 08 0.0 25.2 18.5
1991 02 09 0.0 26.1 17.2
1991 02 10 0.0 25.8 18.2
1991 02 11 0.0 28.2 18.0
1991 02 12 0.0 26.0 19.4
1991 02 13 0.0 26.5 18.5
1991 02 14 0.0 24.9 19.4
1991 02 15 0.0 25.4 18.3
1991 02 16 0.0 26.6 19.0
1991 02 17 0.0 27.0 19.9
1991 02 18 0.0 26.5 19.5
1991 02 19 0.0 25.2 18.8
1991 02 20 0.0 25.6 19.1
1991 02 21 0.0 26.0 20.0
1991 02 22 0.0 26.4 19.5
1991 02 23 0.0 25.5 19.8
1991 02 24 0.0 25.2 19.1
1991 02 25 0.0 25.6 19.4
1991 02 26 0.0 25.5 18.5
1991 02 27 0.0 27.3 19.4
1991 02 28 0.0 26.8 19.4
1991 03 01 0.0 27.4 20.5
1991 03 02 0.0 28.0 20.0
1991 03 03 0.0 29.0 20.4
1991 03 04 0.01 30.0 21.9
1991 03 05 0.01 30.8 21.6
1991 03 06 0.01 28.2 22.2
1991 03 07 0.0 27.6 20.0
1991 03 08 0.0 28.5 21.0
1991 03 09 0.0 28.9 20.6
1991 03 10 0.01 27.5 21.2
1991 03 11 0.0 27.7 20.0
1991 03 12 0.0 25.8 20.4
1991 03 13 0.0 27.4 21.4
1991 03 14 0.0 28.4 20.6
1991 03 15 0.0 27.5 20.6
1991 03 16 0.0 26.6 20.4
1991 03 17 0.0 25.3 20.5
1991 03 18 0.0 26.0 19.4
1991 03 19 0.0 27.5 19.3
1991 03 20 0.0 27.5 19.0
1991 03 21 0.0 28.6 19.0
1991 03 22 0.0 26.5 19.7
1991 03 23 0.01 28.1 19.0
1991 03 24 0.0 27.7 19.3
1991 03 25 0.0 26.0 19.6
1991 03 26 0.01 27.5 20.5
1991 03 27 0.0 26.6 20.9
1991 03 28 0.0 26.5 19.0
1991 03 29 0.0 27.7 20.4
1991 03 30 0.0 27.0 19.7
1991 03 31 0.0 27.7 18.0
1991 04 01 0.0 26.5 18.0
1991 04 02 0.0 26.5 18.0
1991 04 03 0.0 25.2 18.1
1991 04 04 0.0 25.8 18.3
1991 04 05 0.0 27.0 18.5
1991 04 06 0.0 24.6 18.6
1991 04 07 0.0 24.5 19.0
1991 04 08 0.0 24.7 19.4
1991 04 09 0.0 25.5 19.3
1991 04 10 0.0 26.5 19.0
1991 04 11 0.0 25.7 18.5
1991 04 12 0.0 24.5 18.6
1991 04 13 0.0 24.6 18.5
1991 04 14 0.0 26.2 17.8
1991 04 15 0.0 28.0 17.8
1991 04 16 0.0 25.3 18.8
1991 04 17 0.0 23.3 17.0
1991 04 18 0.0 23.5 18.0
1991 04 19 0.0 23.6 18.4
1991 04 20 0.01 25.0 18.8
1991 04 21 0.0 23.2 18.4
1991 04 22 0.0 23.5 17.8
1991 04 23 0.0 22.5 17.4
1991 04 24 0.0 23.3 17.7
1991 04 25 0.0 24.6 17.7
1991 04 26 0.0 25.3 17.8
1991 04 27 0.0 23.0 17.3
1991 04 28 0.0 21.7 16.5
1991 04 29 0.0 25.8 17.3
1991 04 30 0.0 23.3 18.7
1991 05 01 0.0 22.6 18.4
1991 05 02 0.0 23.5 18.6
1991 05 03 0.0 21.8 18.4
1991 05 04 0.0 21.6 16.6
1991 05 05 0.0 24.4 -99.9
1991 05 06 0.0 23.3 17.0
1991 05 07 0.0 20.2 17.5
1991 05 08 0.0 21.4 17.3
1991 05 09 0.0 22.4 17.7
1991 05 10 0.01 20.8 17.6
1991 05 11 1.0 20.1 16.5
1991 05 12 0.0 21.5 16.5
1991 05 13 0.0 25.3 14.8
1991 05 14 0.0 23.9 16.0
1991 05 15 0.0 21.8 16.0
1991 05 16 2.0 21.3 16.8
1991 05 17 0.01 24.0 17.5
1991 05 18 0.0 25.9 15.0
1991 05 19 0.0 24.5 17.0
1991 05 20 0.0 24.8 15.0
1991 05 21 0.01 22.8 16.4
1991 05 22 0.2 21.2 16.0
1991 05 23 0.0 20.6 17.6
1991 05 24 0.01 22.5 16.7
1991 05 25 0.0 22.2 15.7
1991 05 26 0.0 21.6 15.5
1991 05 27 0.0 20.5 17.2
1991 05 28 0.0 20.4 16.9
1991 05 29 0.0 23.0 15.7
1991 05 30 0.0 24.8 13.0
1991 05 31 0.0 22.4 15.5
1991 06 01 0.0 24.5 13.8
1991 06 02 0.0 24.4 18.6
1991 06 03 0.0 22.0 16.2
1991 06 04 0.0 22.0 15.8
1991 06 05 0.0 21.8 17.0
1991 06 06 0.0 20.6 15.2
1991 06 07 0.0 19.0 16.7
1991 06 08 0.0 20.5 16.0
1991 06 09 0.0 19.3 16.5
1991 06 10 0.4 18.9 16.1
1991 06 11 0.1 21.5 15.8
1991 06 12 0.01 23.1 16.8
1991 06 13 0.0 22.5 17.0
1991 06 14 0.0 20.5 15.7
1991 06 15 0.0 22.5 17.5
1991 06 16 0.0 23.0 12.8
1991 06 17 0.0 21.3 17.5
1991 06 18 0.0 21.1 17.8
1991 06 19 0.0 19.9 16.0
1991 06 20 0.9 19.2 17.4
1991 06 21 0.0 21.0 16.8
1991 06 22 0.0 21.4 16.8
1991 06 23 0.0 20.6 16.0
1991 06 24 0.01 18.7 15.8
1991 06 25 0.9 18.6 15.4
1991 06 26 0.3 18.6 15.5
1991 06 27 0.0 21.3 15.8
1991 06 28 0.0 20.0 15.8
1991 06 29 0.0 21.4 12.3
1991 06 30 0.0 20.3 16.4
1991 07 01 0.1 21.5 16.4
1991 07 02 0.0 20.7 15.9
1991 07 03 0.0 21.1 16.5
1991 07 04 0.0 21.1 16.3
1991 07 05 0.0 19.0 16.2
1991 07 06 0.0 21.4 16.5
1991 07 07 0.0 22.1 12.0
1991 07 08 0.0 20.2 16.5
1991 07 09 0.0 18.6 16.1
1991 07 10 0.0 19.2 16.0
1991 07 11 0.0 20.5 16.0
1991 07 12 0.0 19.4 15.8
1991 07 13 0.01 18.6 15.8
1991 07 14 0.01 20.2 15.9
1991 07 15 0.01 20.4 15.3
1991 07 16 0.01 21.1 15.8
1991 07 17 0.0 20.1 16.2
1991 07 18 0.01 19.4 15.7
1991 07 19 0.0 19.6 15.8
1991 07 20 0.0 19.4 15.7
1991 07 21 0.01 17.5 15.5
1991 07 22 0.01 22.0 14.7
1991 07 23 0.01 18.8 15.3
1991 07 24 0.1 16.6 14.5
1991 07 25 0.4 18.0 14.6
1991 07 26 0.2 18.6 14.9
1991 07 27 0.0 20.3 15.1
1991 07 28 0.1 18.4 14.7
1991 07 29 0.1 18.0 14.5
1991 07 30 0.01 20.1 13.9
1991 07 31 0.0 20.5 15.5
1991 08 01 0.01 19.0 15.2
1991 08 02 0.0 19.8 15.4
1991 08 03 0.0 17.5 14.9
1991 08 04 0.01 18.1 15.0
1991 08 05 0.01 19.2 15.2
1991 08 06 0.0 19.0 15.5
1991 08 07 0.5 17.8 15.0
1991 08 08 0.3 17.8 14.2
1991 08 09 0.1 19.4 14.4
1991 08 10 0.01 20.5 15.8
1991 08 11 0.0 17.7 15.2
1991 08 12 0.2 18.2 14.5
1991 08 13 0.01 18.3 14.0
1991 08 14 0.01 19.4 14.8
1991 08 15 0.0 16.8 14.8
1991 08 16 0.01 19.2 15.5
1991 08 17 0.0 18.5 14.6
1991 08 18 0.0 19.0 14.8
1991 08 19 0.0 20.7 15.9
1991 08 20 0.0 21.5 15.4
1991 08 21 0.0 20.5 15.2
1991 08 22 0.0 19.2 -99.9
1991 08 23 0.01 18.8 -99.9
1991 08 24 0.1 18.6 -99.9
1991 08 25 0.01 19.0 14.8
1991 08 26 0.0 19.5 15.4
1991 08 27 0.0 18.0 15.5
1991 08 28 0.0 20.6 15.0
1991 08 29 0.01 19.5 15.1
1991 08 30 0.0 21.5 14.8
1991 08 31 0.0 20.5 15.7
1991 09 01 0.0 19.2 16.5
1991 09 02 0.0 20.4 15.5
1991 09 03 0.01 20.2 15.9
1991 09 04 0.01 20.5 15.6
1991 09 05 0.0 18.5 14.3
1991 09 06 0.9 18.5 14.7
1991 09 07 0.0 18.2 15.6
1991 09 08 0.01 19.4 14.9
1991 09 09 0.2 20.4 15.3
1991 09 10 0.0 18.5 13.2
1991 09 11 0.7 18.0 14.4
1991 09 12 0.01 19.3 15.1
1991 09 13 0.0 20.8 15.7
1991 09 14 0.0 20.5 15.8
1991 09 15 0.0 21.7 16.0
1991 09 16 0.0 20.1 13.7
1991 09 17 0.0 21.7 16.5
1991 09 18 0.0 20.6 16.0
1991 09 19 0.01 21.5 15.5
1991 09 20 0.0 20.2 14.8
1991 09 21 0.0 20.0 15.6
1991 09 22 0.0 21.5 15.9
1991 09 23 0.0 19.4 15.4
1991 09 24 0.0 22.0 15.7
1991 09 25 0.0 21.3 16.3
1991 09 26 0.0 19.9 15.5
1991 09 27 0.01 20.6 16.5
1991 09 28 0.0 22.2 16.9
1991 09 29 0.0 22.5 16.9
1991 09 30 0.0 19.6 16.6
1991 10 01 0.01 19.8 16.2
1991 10 02 0.1 20.5 16.6
1991 10 03 0.0 21.1 16.8
1991 10 04 0.01 20.5 16.3
1991 10 05 0.01 21.7 16.4
1991 10 06 1.0 22.0 16.3
1991 10 07 0.0 21.2 16.9
1991 10 08 0.0 20.8 16.3
1991 10 09 0.0 20.5 16.7
1991 10 10 0.0 20.5 16.5
1991 10 11 0.0 19.3 16.6
1991 10 12 0.01 19.5 16.4
1991 10 13 0.1 20.3 16.3
1991 10 14 0.0 19.0 16.0
1991 10 15 0.0 20.8 16.0
1991 10 16 0.0 21.0 14.7
1991 10 17 0.0 20.6 15.0
1991 10 18 0.01 19.4 15.9
1991 10 19 0.01 20.0 15.0
1991 10 20 0.0 22.9 16.0
1991 10 21 0.0 21.2 15.7
1991 10 22 0.0 19.5 15.3
1991 10 23 0.01 20.0 15.5
1991 10 24 0.1 22.5 16.4
1991 10 25 0.0 21.5 16.6
1991 10 26 0.0 22.5 16.5
1991 10 27 0.0 21.3 16.5
1991 10 28 0.1 22.8 17.0
1991 10 29 0.01 22.7 17.0
1991 10 30 0.01 20.5 16.6
1991 10 31 0.01 20.1 16.7
1991 11 01 0.0 23.7 17.6
1991 11 02 0.0 23.4 17.7
1991 11 03 0.0 24.5 17.6
1991 11 04 0.01 22.4 17.6
1991 11 05 0.1 21.5 17.1
1991 11 06 0.0 21.7 17.5
1991 11 07 0.0 20.8 17.8
1991 11 08 0.0 22.6 17.8
1991 11 09 0.0 22.1 17.7
1991 11 10 0.0 23.0 17.1
1991 11 11 0.0 22.4 17.4
1991 11 12 0.0 22.0 16.2
1991 11 13 0.0 21.5 17.2
1991 11 14 0.0 24.2 17.3
1991 11 15 0.0 23.0 16.5
1991 11 16 0.0 23.3 17.4
1991 11 17 0.0 22.4 17.0
1991 11 18 0.0 22.3 14.6
1991 11 19 0.0 22.2 18.0
1991 11 20 0.0 22.1 17.0
1991 11 21 0.0 23.4 17.8
1991 11 22 0.0 23.8 18.4
1991 11 23 0.0 24.3 18.0
1991 11 24 0.0 22.3 18.2
1991 11 25 0.0 22.5 18.0
1991 11 26 0.0 23.1 17.8
1991 11 27 0.0 23.8 18.3
1991 11 28 0.0 25.0 18.6
1991 11 29 0.0 23.4 19.0
1991 11 30 0.5 23.8 18.5
1991 12 01 0.01 23.6 18.9
1991 12 02 0.0 23.8 18.7
1991 12 03 0.0 24.0 18.6
1991 12 04 0.0 26.0 19.4
1991 12 05 0.0 24.5 18.6
1991 12 06 0.0 26.1 17.5
1991 12 07 0.0 26.6 18.8
1991 12 08 0.0 25.0 19.0
1991 12 09 0.0 26.4 19.5
1991 12 10 0.8 23.5 19.2
1991 12 11 0.0 24.0 19.5
1991 12 12 0.0 25.1 19.7
1991 12 13 0.0 25.0 17.5
1991 12 14 0.0 24.1 18.7
1991 12 15 0.01 -99.9 19.0
1991 12 16 0.01 -99.9 18.0
1991 12 17 0.0 24.5 17.6
1991 12 18 0.0 25.5 19.0
1991 12 19 0.0 27.3 19.0
1991 12 20 0.0 25.5 18.4
1991 12 21 0.0 24.9 18.5
1991 12 22 0.0 23.8 19.7
1991 12 23 0.0 26.5 19.0
1991 12 24 0.1 24.6 18.7
1991 12 25 0.0 25.6 19.8
1991 12 26 0.0 25.2 20.0
1991 12 27 0.0 26.2 20.3
1991 12 28 0.0 28.0 19.0
1991 12 29 0.0 24.6 19.9
1991 12 30 0.0 24.5 20.0
1991 12 31 0.9 26.0 20.4
1992 01 01 0.1 26.0 20.7
1992 01 02 0.0 27.0 21.0
1992 01 03 0.0 27.8 19.7
1992 01 04 0.0 27.5 20.0
1992 01 05 0.0 26.7 20.8
1992 01 06 0.0 28.0 20.8
1992 01 07 0.0 29.0 21.4
1992 01 08 0.0 28.1 20.7
1992 01 09 0.0 26.5 21.5
1992 01 10 0.0 27.6 22.0
1992 01 11 0.0 27.8 20.2
1992 01 12 0.0 28.6 20.8
1992 01 13 0.0 27.1 20.7
1992 01 14 0.0 28.8 20.0
1992 01 15 0.0 27.0 19.9
1992 01 16 0.0 28.0 21.8
1992 01 17 0.0 28.4 20.0
1992 01 18 0.0 27.5 21.0
1992 01 19 0.0 28.2 22.1
1992 01 20 0.0 27.6 21.3
1992 01 21 0.0 28.7 21.5
1992 01 22 0.0 30.0 21.4
1992 01 23 0.0 27.3 21.0
1992 01 24 0.0 27.1 21.0
1992 01 25 0.0 27.6 20.8
1992 01 26 0.0 29.0 20.7
1992 01 27 0.0 31.2 21.0
1992 01 28 0.0 27.9 20.7
1992 01 29 0.0 27.9 21.1
1992 01 30 0.0 28.4 21.0
1992 01 31 0.0 27.6 20.5
1992 02 01 -99.9 27.6 22.0
1992 02 02 0.0 26.9 20.5
1992 02 03 0.0 29.1 21.8
1992 02 04 0.0 28.4 21.5
1992 02 05 0.0 28.2 20.5
1992 02 06 0.0 29.2 20.5
1992 02 07 0.0 28.3 20.8
1992 02 08 0.0 27.7 20.7
1992 02 09 0.0 28.1 19.8
1992 02 10 0.0 29.3 21.2
1992 02 11 0.0 30.5 22.5
1992 02 12 0.0 27.5 22.0
1992 02 13 0.0 28.5 20.4
1992 02 14 0.0 28.1 20.3
1992 02 15 0.0 27.5 21.6
1992 02 16 0.0 29.6 21.2
1992 02 17 0.0 27.8 22.0
1992 02 18 0.0 28.5 22.4
1992 02 19 0.0 27.9 21.3
1992 02 20 0.0 28.8 21.0
1992 02 21 0.0 30.5 20.8
1992 02 22 0.0 28.8 20.6
1992 02 23 0.0 29.9 22.4
1992 02 24 0.0 29.5 22.4
1992 02 25 0.0 28.6 22.7
1992 02 26 0.0 30.5 22.6
1992 02 27 0.0 28.9 22.7
1992 02 28 0.0 30.2 23.4
1992 02 29 0.0 29.6 23.3
1992 03 01 -99.9 30.5 23.6
1992 03 02 0.0 31.5 24.2
1992 03 03 0.0 29.6 23.7
1992 03 04 0.0 29.9 23.8
1992 03 05 0.0 30.4 23.0
1992 03 06 0.0 31.0 22.8
1992 03 07 0.0 31.2 23.0
1992 03 08 0.0 31.3 22.5
1992 03 09 0.0 -99.9 23.0
1992 03 10 0.0 -99.9 23.1
1992 03 11 0.0 -99.9 22.9
1992 03 12 0.0 29.5 21.5
1992 03 13 0.0 29.0 22.3
1992 03 14 0.0 29.2 23.2
1992 03 15 0.0 29.5 23.0
1992 03 16 0.0 30.7 22.1
1992 03 17 0.0 31.0 23.8
1992 03 18 0.0 30.6 23.1
1992 03 19 0.0 30.3 23.1
1992 03 20 0.0 29.8 23.0
1992 03 21 0.0 29.0 23.0
1992 03 22 0.0 30.6 22.8
1992 03 23 0.0 30.4 23.4
1992 03 24 0.0 29.6 23.2
1992 03 25 0.0 30.3 23.2
1992 03 26 0.0 30.4 24.0
1992 03 27 0.0 29.4 23.4
1992 03 28 0.0 29.5 23.0
1992 03 29 0.0 28.5 22.2
1992 03 30 0.0 29.7 24.0
1992 03 31 0.0 30.8 23.5
1992 04 01 0.0 31.2 23.7
1992 04 02 0.0 29.0 23.6
1992 04 03 0.0 29.0 21.9
1992 04 04 0.0 30.3 22.7
1992 04 05 0.0 28.7 23.0
1992 04 06 0.0 29.2 23.4
1992 04 07 0.0 30.0 22.2
1992 04 08 0.0 28.8 22.6
1992 04 09 0.0 26.3 22.8
1992 04 10 0.01 29.3 21.8
1992 04 11 0.0 28.7 23.4
1992 04 12 0.0 28.5 23.0
1992 04 13 0.0 27.9 22.7
1992 04 14 0.0 29.4 22.3
1992 04 15 0.01 27.4 22.8
1992 04 16 0.01 27.9 22.8
1992 04 17 0.0 29.1 22.6
1992 04 18 0.0 28.2 21.7
1992 04 19 0.0 28.3 22.3
1992 04 20 0.0 27.4 21.6
1992 04 21 0.0 24.8 22.0
1992 04 22 0.0 25.5 20.8
1992 04 23 0.0 25.4 21.2
1992 04 24 0.0 27.1 21.0
1992 04 25 0.0 28.1 21.0
1992 04 26 0.0 26.8 20.8
1992 04 27 0.0 25.6 21.3
1992 04 28 0.0 27.3 21.6
1992 04 29 0.0 24.6 21.1
1992 04 30 0.0 27.9 20.0
1992 05 01 -99.9 24.9 19.2
1992 05 02 0.0 25.1 20.2
1992 05 03 0.01 28.9 19.7
1992 05 04 0.0 28.4 20.0
1992 05 05 0.0 26.8 19.7
1992 05 06 0.0 27.5 18.8
1992 05 07 0.0 26.9 20.7
1992 05 08 0.0 25.0 19.9
1992 05 09 0.0 26.8 20.7
1992 05 10 0.0 24.3 20.8
1992 05 11 0.0 23.1 19.8
1992 05 12 0.0 25.2 19.6
1992 05 13 0.0 25.5 16.9
1992 05 14 0.0 24.4 19.5
1992 05 15 0.0 27.3 18.3
1992 05 16 0.0 26.4 20.3
1992 05 17 0.0 25.5 18.0
1992 05 18 0.0 25.5 18.7
1992 05 19 0.0 -99.9 19.5
1992 05 20 0.0 -99.9 17.5
1992 05 21 0.0 -99.9 19.4
1992 05 22 0.0 21.9 19.4
1992 05 23 0.0 25.4 17.1
1992 05 24 0.0 25.8 19.1
1992 05 25 0.0 23.7 19.0
1992 05 26 0.0 23.1 19.5
1992 05 27 0.0 24.8 16.1
1992 05 28 0.0 24.8 19.8
1992 05 29 0.0 24.4 18.7
1992 05 30 0.0 24.6 18.6
1992 05 31 0.0 22.1 17.6
1992 06 01 -99.9 22.5 18.0
1992 06 02 0.1 22.7 18.2
1992 06 03 0.0 23.5 18.0
1992 06 04 0.01 23.2 18.2
1992 06 05 0.01 24.5 17.8
1992 06 06 0.0 22.5 17.5
1992 06 07 0.7 21.7 16.7
1992 06 08 0.1 20.0 17.5
1992 06 09 0.0 20.4 17.0
1992 06 10 0.0 22.5 17.7
1992 06 11 0.0 19.3 17.0
1992 06 12 0.01 19.9 16.7
1992 06 13 0.0 22.6 17.5
1992 06 14 0.0 22.2 17.3
1992 06 15 0.0 22.1 15.7
1992 06 16 0.0 21.5 17.4
1992 06 17 0.0 20.2 17.7
1992 06 18 0.0 21.2 16.8
1992 06 19 0.0 23.3 18.0
1992 06 20 0.0 22.0 16.7
1992 06 21 0.0 20.7 17.7
1992 06 22 0.0 20.5 17.7
1992 06 23 0.0 19.5 17.0
1992 06 24 0.0 20.2 17.0
1992 06 25 0.0 24.0 -99.9
1992 06 26 0.0 20.7 -99.9
1992 06 27 0.0 21.5 -99.9
1992 06 28 0.0 20.5 17.1
1992 06 29 0.0 20.4 17.0
1992 06 30 0.0 19.4 14.8
1992 07 01 0.01 20.0 15.8
1992 07 02 0.01 19.3 16.2
1992 07 03 0.0 18.5 15.8
1992 07 04 0.0 18.3 16.0
1992 07 05 0.0 18.1 15.7
1992 07 06 0.01 17.2 15.4
1992 07 07 1.0 17.4 14.8
1992 07 08 0.2 18.1 14.9
1992 07 09 0.0 18.6 15.6
1992 07 10 0.0 18.4 16.4
1992 07 11 0.01 18.2 15.2
1992 07 12 1.0 19.1 15.5
1992 07 13 0.0 19.2 16.2
1992 07 14 0.0 21.0 15.1
1992 07 15 0.0 18.8 15.7
1992 07 16 0.0 19.0 15.8
1992 07 17 0.01 18.5 14.9
1992 07 18 0.3 17.2 14.9
1992 07 19 0.01 17.4 15.0
1992 07 20 0.0 17.4 14.7
1992 07 21 0.0 17.8 15.3
1992 07 22 0.0 19.8 14.9
1992 07 23 0.8 17.7 15.0
1992 07 24 0.01 17.9 15.3
1992 07 25 0.0 20.4 15.5
1992 07 26 0.0 21.0 16.4
1992 07 27 0.0 18.2 15.8
1992 07 28 0.0 18.2 15.0
1992 07 29 0.0 20.8 15.7
1992 07 30 0.0 19.0 15.6
1992 07 31 0.0 19.5 14.2
1992 08 01 -99.9 18.3 15.5
1992 08 02 0.2 18.4 15.0
1992 08 03 0.0 18.8 15.0
1992 08 04 0.0 18.5 15.7
1992 08 05 0.8 18.3 15.4
1992 08 06 0.5 17.8 15.3
1992 08 07 0.4 17.4 14.8
1992 08 08 0.2 19.3 15.1
1992 08 09 0.0 19.6 14.4
1992 08 10 0.1 18.2 15.0
1992 08 11 0.0 18.1 14.8
1992 08 12 0.3 17.7 14.5
1992 08 13 0.1 18.1 14.4
1992 08 14 0.0 18.5 14.6
1992 08 15 0.0 18.4 15.6
1992 08 16 0.0 20.4 14.7
1992 08 17 0.0 18.5 15.0
1992 08 18 0.0 18.9 15.2
1992 08 19 0.0 20.0 14.7
1992 08 20 0.0 19.0 14.6
1992 08 21 0.0 18.7 15.2
1992 08 22 0.3 20.0 15.1
1992 08 23 0.3 18.9 15.0
1992 08 24 0.1 19.8 15.5
1992 08 25 0.2 20.2 14.8
1992 08 26 0.0 18.1 14.8
1992 08 27 0.2 18.4 15.0
1992 08 28 0.0 19.4 15.2
1992 08 29 1.0 18.9 14.7
1992 08 30 0.0 18.4 15.3
1992 08 31 0.0 18.5 -99.9
1992 09 01 -99.9 20.1 15.8
1992 09 02 0.0 19.5 14.2
1992 09 03 0.0 18.0 15.3
1992 09 04 0.0 18.8 14.9
1992 09 05 0.1 18.2 14.2
1992 09 06 1.0 19.9 15.0
1992 09 07 0.01 18.8 -99.9
1992 09 08 0.0 19.0 -99.9
1992 09 09 0.0 19.7 -99.9
1992 09 10 0.4 18.3 15.3
1992 09 11 1.0 19.2 15.0
1992 09 12 0.1 20.8 15.4
1992 09 13 0.01 19.0 14.9
1992 09 14 0.01 18.4 15.2
1992 09 15 0.3 18.9 15.1
1992 09 16 1.0 18.0 15.0
1992 09 17 1.0 18.9 15.2
1992 09 18 0.01 20.1 15.5
1992 09 19 0.01 19.0 15.1
1992 09 20 0.0 18.9 14.7
1992 09 21 0.0 21.2 14.2
1992 09 22 0.0 19.1 15.2
1992 09 23 0.0 20.9 15.5
1992 09 24 0.0 21.3 15.0
1992 09 25 0.0 19.3 14.2
1992 09 26 0.0 19.3 13.8
1992 09 27 0.0 19.6 14.9
1992 09 28 0.01 20.5 14.9
1992 09 29 1.0 19.5 15.2
1992 09 30 0.8 20.3 15.3
1992 10 01 -99.9 20.8 15.8
1992 10 02 0.6 21.6 16.1
1992 10 03 0.0 20.5 15.7
1992 10 04 0.1 20.4 15.4
1992 10 05 0.0 20.5 15.4
1992 10 06 0.0 21.3 15.6
1992 10 07 0.0 19.0 15.7
1992 10 08 0.0 20.2 16.0
1992 10 09 0.0 20.3 16.1
1992 10 10 0.0 21.0 16.0
1992 10 11 0.0 20.6 16.0
1992 10 12 0.0 20.4 15.8
1992 10 13 0.0 21.8 16.0
1992 10 14 0.0 21.8 16.5
1992 10 15 0.0 21.0 15.5
1992 10 16 0.01 18.7 16.0
1992 10 17 0.5 19.6 15.7
1992 10 18 0.0 23.0 16.4
1992 10 19 0.0 20.7 15.5
1992 10 20 0.01 21.6 15.7
1992 10 21 0.4 21.3 15.8
1992 10 22 1.0 21.3 16.4
1992 10 23 0.0 20.6 16.8
1992 10 24 0.0 22.9 17.1
1992 10 25 0.0 21.1 16.8
1992 10 26 0.0 21.8 17.6
1992 10 27 0.3 21.5 16.5
1992 10 28 0.0 19.4 16.5
1992 10 29 0.0 20.8 16.7
1992 10 30 0.0 22.5 16.7
1992 10 31 0.0 24.3 16.9
1992 11 01 -99.9 23.0 16.1
1992 11 02 0.0 22.7 16.9
1992 11 03 0.0 22.6 16.4
1992 11 04 0.0 22.0 17.2
1992 11 05 0.0 23.2 17.5
1992 11 06 0.0 23.6 15.5
1992 11 07 0.0 24.5 17.7
1992 11 08 0.0 25.1 17.4
1992 11 09 0.0 24.0 15.8
1992 11 10 0.0 21.9 17.7
1992 11 11 0.0 21.7 17.8
1992 11 12 0.0 25.0 17.6
1992 11 13 0.0 23.2 17.0
1992 11 14 0.0 23.3 17.8
1992 11 15 0.0 23.8 17.5
1992 11 16 0.01 24.3 18.2
1992 11 17 0.0 24.3 18.3
1992 11 18 0.0 24.0 18.1
1992 11 19 0.0 23.9 17.7
1992 11 20 0.01 23.8 18.2
1992 11 21 0.0 23.6 18.5
1992 11 22 0.0 25.5 18.7
1992 11 23 0.0 25.1 17.7
1992 11 24 0.0 25.5 18.8
1992 11 25 0.0 25.3 18.8
1992 11 26 0.0 24.8 18.7
1992 11 27 0.0 25.5 19.0
1992 11 28 0.0 23.5 18.4
1992 11 29 0.0 23.3 18.7
1992 11 30 0.0 24.9 18.4
1992 12 01 -99.9 23.0 17.8
1992 12 02 0.0 24.3 17.1
1992 12 03 0.0 24.6 16.0
1992 12 04 0.0 25.2 15.6
1992 12 05 0.0 25.3 17.2
1992 12 06 0.0 23.1 16.0
1992 12 07 0.0 25.9 19.0
1992 12 08 0.0 24.3 17.8
1992 12 09 0.0 24.3 17.2
1992 12 10 0.0 25.1 16.0
1992 12 11 0.0 24.5 16.8
1992 12 12 0.0 25.0 17.9
1992 12 13 0.0 25.1 16.6
1992 12 14 0.0 23.9 17.0
1992 12 15 0.0 24.3 18.0
1992 12 16 0.0 22.9 16.6
1992 12 17 0.0 22.3 16.0
1992 12 18 0.0 25.7 17.4
1992 12 19 0.0 25.8 17.9
1992 12 20 0.0 25.7 18.2
1992 12 21 0.0 26.4 16.3
1992 12 22 0.0 26.6 17.9
1992 12 23 0.0 25.5 18.4
1992 12 24 0.0 24.1 19.3
1992 12 25 0.0 24.9 18.5
1992 12 26 0.0 23.8 18.8
1992 12 27 0.0 25.5 18.7
1992 12 28 0.0 23.7 17.9
1992 12 29 0.0 26.5 18.6
1992 12 30 0.0 25.7 17.8
1992 12 31 0.0 24.4 18.0
1993 01 01 -99.9 22.7 19.0
1993 01 02 0.0 24.6 17.8
1993 01 03 0.0 24.7 17.5
1993 01 04 0.0 25.2 18.5
1993 01 05 0.0 26.1 18.8
1993 01 06 0.0 23.8 18.0
1993 01 07 0.0 27.0 18.6
1993 01 08 0.0 26.4 18.6
1993 01 09 0.0 26.6 19.0
1993 01 10 0.0 25.5 18.0
1993 01 11 0.0 24.9 18.6
1993 01 12 0.0 24.2 18.1
1993 01 13 0.0 26.0 19.4
1993 01 14 0.0 23.7 19.5
1993 01 15 0.0 25.3 19.5
1993 01 16 0.0 25.4 18.8
1993 01 17 0.01 -99.9 17.4
1993 01 18 0.0 -99.9 18.3
1993 01 19 0.0 28.5 18.5
1993 01 20 0.0 29.0 21.0
1993 01 21 0.0 30.0 19.9
1993 01 22 0.0 26.2 19.8
1993 01 23 0.0 28.3 19.9
1993 01 24 0.0 27.0 18.6
1993 01 25 0.0 27.5 20.7
1993 01 26 0.0 27.7 20.5
1993 01 27 0.0 26.8 20.7
1993 01 28 0.0 26.3 20.1
1993 01 29 0.0 26.3 19.8
1993 01 30 0.0 28.2 21.7
1993 01 31 0.0 27.8 20.1
1993 02 01 -99.9 26.9 20.5
1993 02 02 0.0 26.0 20.5
1993 02 03 0.0 29.5 19.2
1993 02 04 0.0 29.5 21.1
1993 02 05 0.0 28.8 20.7
1993 02 06 0.0 28.9 20.8
1993 02 07 0.0 29.1 21.1
1993 02 08 0.0 28.0 21.2
1993 02 09 0.0 26.7 21.8
1993 02 10 0.0 28.3 20.9
1993 02 11 0.0 28.1 21.7
1993 02 12 0.0 30.4 21.4
1993 02 13 0.0 31.0 21.2
1993 02 14 0.0 27.8 19.9
1993 02 15 0.0 29.7 20.8
1993 02 16 0.0 28.8 20.9
1993 02 17 0.0 29.1 20.8
1993 02 18 0.0 27.9 21.2
1993 02 19 0.0 28.2 19.8
1993 02 20 0.0 29.3 20.4
1993 02 21 0.0 27.3 20.6
1993 02 22 0.0 27.3 20.4
1993 02 23 0.0 28.0 21.3
1993 02 24 0.0 29.0 20.4
1993 02 25 0.0 28.3 20.5
1993 02 26 0.0 29.3 21.2
1993 02 27 0.0 29.3 21.0
1993 02 28 0.0 29.0 21.9
1993 03 01 -99.9 29.1 21.0
1993 03 02 0.0 26.3 21.1
1993 03 03 0.0 26.0 21.6
1993 03 04 0.0 27.2 20.1
1993 03 05 0.0 28.1 20.5
1993 03 06 0.0 30.0 19.8
1993 03 07 0.0 28.2 21.0
1993 03 08 0.0 28.1 20.8
1993 03 09 0.0 27.9 20.2
1993 03 10 0.0 30.0 19.9
1993 03 11 0.0 26.0 19.3
1993 03 12 0.0 26.2 19.0
1993 03 13 0.0 24.0 19.3
1993 03 14 0.0 26.7 -99.9
1993 03 15 0.0 29.0 -99.9
1993 03 16 0.01 26.9 -99.9
1993 03 17 0.01 27.8 20.5
1993 03 18 0.0 26.8 20.5
1993 03 19 0.0 28.0 20.8
1993 03 20 0.0 27.8 19.4
1993 03 21 0.0 27.0 20.0
1993 03 22 0.0 26.6 19.8
1993 03 23 0.0 27.6 20.2
1993 03 24 0.0 29.2 21.6
1993 03 25 0.0 29.8 20.0
1993 03 26 0.0 29.0 19.6
1993 03 27 0.0 27.4 20.0
1993 03 28 0.0 29.2 20.3
1993 03 29 0.0 27.6 20.0
1993 03 30 0.0 29.5 20.8
1993 03 31 0.0 26.5 19.6
1993 04 01 -99.9 28.2 18.2
1993 04 02 0.0 26.0 20.0
1993 04 03 0.0 24.2 19.0
1993 04 04 0.0 25.4 19.1
1993 04 05 0.0 25.6 19.2
1993 04 06 0.0 25.2 18.0
1993 04 07 0.0 26.5 19.4
1993 04 08 0.0 24.8 18.8
1993 04 09 0.5 25.0 19.3
1993 04 10 0.0 26.0 20.0
1993 04 11 0.0 25.3 19.0
1993 04 12 0.0 24.5 19.2
1993 04 13 0.0 26.5 19.1
1993 04 14 0.0 25.5 18.9
1993 04 15 0.0 27.1 19.5
1993 04 16 0.0 27.6 19.7
1993 04 17 0.0 27.3 19.6
1993 04 18 0.0 28.0 19.2
1993 04 19 0.0 27.9 19.1
1993 04 20 0.0 27.8 19.5
1993 04 21 0.0 25.2 18.9
1993 04 22 0.0 23.2 18.2
1993 04 23 0.0 22.4 18.4
1993 04 24 0.0 25.0 18.2
1993 04 25 0.0 23.4 18.4
1993 04 26 0.0 21.8 16.8
1993 04 27 0.0 23.0 17.6
1993 04 28 0.0 25.3 17.3
1993 04 29 0.0 25.5 17.2
1993 04 30 0.0 26.2 17.9
1993 05 01 0.4 25.5 18.2
1993 05 02 0.0 24.0 18.8
1993 05 03 0.0 22.7 19.3
1993 05 04 0.0 24.8 19.0
1993 05 05 0.0 26.3 17.0
1993 05 06 0.0 25.6 18.0
1993 05 07 0.0 23.0 18.9
1993 05 08 0.01 23.5 19.2
1993 05 09 0.0 25.6 17.8
1993 05 10 0.0 24.6 19.0
1993 05 11 0.01 22.3 18.8
1993 05 12 0.0 26.0 18.9
1993 05 13 0.01 23.3 19.0
1993 05 14 0.01 22.0 18.8
1993 05 15 0.3 24.7 18.6
1993 05 16 0.0 23.4 17.3
1993 05 17 0.0 23.7 18.5
1993 05 18 0.0 22.0 18.3
1993 05 19 0.0 24.2 19.7
1993 05 20 0.0 23.3 17.5
1993 05 21 0.01 22.3 19.2
1993 05 22 0.0 23.4 18.0
1993 05 23 0.0 21.6 17.7
1993 05 24 0.0 24.4 18.6
1993 05 25 0.0 23.3 17.8
1993 05 26 0.0 26.4 18.8
1993 05 27 0.0 24.4 18.7
1993 05 28 0.0 24.6 18.5
1993 05 29 0.01 22.4 18.7
1993 05 30 0.5 21.6 18.5
1993 05 31 0.0 23.8 18.8
1993 06 01 -99.9 22.8 18.6
1993 06 02 0.0 21.4 18.2
1993 06 03 0.01 20.3 17.5
1993 06 04 0.01 21.3 16.8
1993 06 05 0.0 23.4 15.7
1993 06 06 0.0 22.2 18.7
1993 06 07 0.0 19.9 18.0
1993 06 08 0.0 21.4 17.8
1993 06 09 0.0 22.0 17.8
1993 06 10 0.0 22.5 17.5
1993 06 11 0.0 22.7 18.0
1993 06 12 0.0 21.0 18.4
1993 06 13 0.0 21.0 18.3
1993 06 14 0.0 22.3 18.4
1993 06 15 0.0 22.5 18.3
1993 06 16 0.0 22.4 18.0
1993 06 17 0.0 20.7 17.6
1993 06 18 0.01 21.3 18.2
1993 06 19 0.0 23.3 18.1
1993 06 20 0.0 22.3 16.5
1993 06 21 0.0 22.7 18.1
1993 06 22 0.0 20.7 18.5
1993 06 23 0.0 23.4 18.7
1993 06 24 0.0 21.4 17.8
1993 06 25 0.0 24.8 16.3
1993 06 26 0.0 23.7 -99.9
1993 06 27 0.0 23.7 -99.9
1993 06 28 0.0 25.7 -99.9
1993 06 29 0.0 23.5 17.8
1993 06 30 0.0 20.8 17.9
1993 07 01 0.5 20.5 17.3
1993 07 02 0.0 22.0 17.5
1993 07 03 0.0 23.8 18.0
1993 07 04 0.0 20.8 18.2
1993 07 05 0.3 20.4 17.8
1993 07 06 0.5 20.2 16.6
1993 07 07 0.2 19.9 17.0
1993 07 08 0.0 21.4 17.2
1993 07 09 0.0 19.2 17.0
1993 07 10 0.2 19.7 16.7
1993 07 11 0.2 19.0 15.7
1993 07 12 0.3 19.5 16.6
1993 07 13 0.8 19.8 15.5
1993 07 14 0.5 18.5 15.3
1993 07 15 1.0 19.2 15.9
1993 07 16 1.0 19.2 15.6
1993 07 17 0.0 19.7 16.5
1993 07 18 0.0 20.4 16.4
1993 07 19 0.01 18.9 16.0
1993 07 20 0.01 19.2 16.0
1993 07 21 0.0 -99.9 16.1
1993 07 22 0.0 21.0 16.3
1993 07 23 0.0 21.8 16.3
1993 07 24 0.0 19.9 16.0
1993 07 25 0.0 20.4 16.4
1993 07 26 0.0 19.8 16.3
1993 07 27 0.0 20.8 16.8
1993 07 28 0.0 19.6 16.1
1993 07 29 0.0 20.0 16.4
1993 07 30 0.3 19.2 16.0
1993 07 31 -99.9 19.0 15.9
1993 08 01 -99.9 18.8 15.2
1993 08 02 0.0 19.0 15.1
1993 08 03 0.0 21.7 16.7
1993 08 04 0.0 19.5 15.4
1993 08 05 0.2 19.2 16.1
1993 08 06 0.0 19.4 16.0
1993 08 07 0.0 20.4 16.6
1993 08 08 0.0 21.4 16.5
1993 08 09 0.01 21.5 15.5
1993 08 10 0.0 21.3 16.5
1993 08 11 0.0 19.8 16.2
1993 08 12 0.0 20.5 16.8
1993 08 13 0.0 20.5 16.1
1993 08 14 0.01 19.2 16.2
1993 08 15 0.7 19.0 16.0
1993 08 16 0.0 21.0 16.5
1993 08 17 0.0 22.3 15.1
1993 08 18 0.0 21.7 15.3
1993 08 19 0.01 19.7 16.1
1993 08 20 0.01 19.5 16.3
1993 08 21 0.0 22.0 16.3
1993 08 22 0.3 19.2 16.5
1993 08 23 0.01 19.8 16.3
1993 08 24 0.01 19.5 15.3
1993 08 25 0.01 20.5 16.2
1993 08 26 0.0 19.5 16.0
1993 08 27 0.0 21.4 16.5
1993 08 28 0.01 19.3 15.4
1993 08 29 0.01 21.0 14.9
1993 08 30 0.0 19.2 15.8
1993 08 31 0.0 20.1 15.9
1993 09 01 -99.9 20.3 15.9
1993 09 02 0.0 20.7 16.0
1993 09 03 0.0 20.3 15.5
1993 09 04 0.5 19.5 15.0
1993 09 05 0.01 20.9 15.0
1993 09 06 0.1 19.3 15.8
1993 09 07 0.0 21.9 -99.9
1993 09 08 0.0 23.0 -99.9
1993 09 09 0.0 21.4 -99.9
1993 09 10 0.3 19.8 15.7
1993 09 11 0.1 19.9 15.8
1993 09 12 0.2 20.0 16.0
1993 09 13 0.0 21.8 16.0
1993 09 14 0.0 19.0 15.6
1993 09 15 0.01 18.9 15.7
1993 09 16 0.0 21.4 16.5
1993 09 17 0.0 19.3 16.2
1993 09 18 0.01 20.8 15.4
1993 09 19 0.0 20.0 15.7
1993 09 20 0.0 21.8 16.5
1993 09 21 0.0 19.6 16.1
1993 09 22 0.1 19.3 15.5
1993 09 23 0.0 18.6 15.5
1993 09 24 0.1 19.9 15.6
1993 09 25 0.0 22.1 15.7
1993 09 26 0.0 20.7 15.2
1993 09 27 0.0 19.1 15.3
1993 09 28 0.0 18.3 14.7
1993 09 29 0.9 20.0 14.6
1993 09 30 0.0 20.0 15.2
1993 10 01 -99.9 20.4 13.0
1993 10 02 0.0 19.2 15.0
1993 10 03 0.0 20.0 -99.9
1993 10 04 0.0 -99.9 -99.9
1993 10 05 0.01 20.8 -99.9
1993 10 06 0.0 20.4 14.7
1993 10 07 0.0 21.2 15.8
1993 10 08 0.0 20.7 15.6
1993 10 09 0.5 19.8 15.6
1993 10 10 0.0 -99.9 15.5
1993 10 11 0.0 21.5 15.6
1993 10 12 0.0 21.7 16.0
1993 10 13 0.0 22.3 16.0
1993 10 14 0.0 23.2 16.3
1993 10 15 0.0 24.0 17.0
1993 10 16 0.0 22.6 17.1
1993 10 17 0.0 21.2 16.8
1993 10 18 0.0 21.6 16.5
1993 10 19 0.0 20.4 16.6
1993 10 20 0.0 22.0 16.4
1993 10 21 0.0 21.5 16.2
1993 10 22 0.0 20.2 16.4
1993 10 23 0.0 20.4 15.9
1993 10 24 0.0 21.8 14.2
1993 10 25 0.0 21.5 15.6
1993 10 26 0.0 21.7 15.1
1993 10 27 0.0 22.6 16.0
1993 10 28 0.0 23.0 16.5
1993 10 29 0.0 22.7 16.1
1993 10 30 0.0 24.0 16.4
1993 10 31 0.0 20.5 16.0
1993 11 01 -99.9 23.0 15.8
1993 11 02 -99.9 21.5 16.5
1993 11 03 -99.9 21.5 16.5
1993 11 04 -99.9 22.8 16.9
1993 11 05 -99.9 22.0 16.6
1993 11 06 -99.9 19.8 16.6
1993 11 07 -99.9 22.6 15.5
1993 11 08 -99.9 23.0 16.0
1993 11 09 -99.9 21.1 17.0
1993 11 10 -99.9 23.0 16.7
1993 11 11 -99.9 21.9 17.0
1993 11 12 -99.9 22.8 16.9
1993 11 13 -99.9 21.5 15.5
1993 11 14 -99.9 23.0 17.0
1993 11 15 -99.9 21.5 16.7
1993 11 16 -99.9 21.9 17.2
1993 11 17 -99.9 22.3 16.4
1993 11 18 -99.9 20.4 15.8
1993 11 19 -99.9 23.6 17.5
1993 11 20 -99.9 24.1 16.4
1993 11 21 -99.9 20.0 16.1
1993 11 22 -99.9 20.3 16.8
1993 11 23 -99.9 22.7 17.5
1993 11 24 -99.9 23.2 15.9
1993 11 25 -99.9 23.1 16.7
1993 11 26 -99.9 21.4 17.0
1993 11 27 -99.9 21.5 16.8
1993 11 28 -99.9 21.4 16.5
1993 11 29 -99.9 24.5 16.8
1993 11 30 -99.9 22.8 16.9
1993 12 01 -99.9 23.5 17.5
1993 12 02 0.0 23.1 17.7
1993 12 03 0.01 23.8 17.8
1993 12 04 0.0 23.9 17.8
1993 12 05 0.0 22.2 17.9
1993 12 06 0.0 23.3 17.7
1993 12 07 0.0 22.6 17.6
1993 12 08 0.0 22.7 17.8
1993 12 09 0.0 22.8 18.7
1993 12 10 0.0 23.5 17.0
1993 12 11 0.0 24.1 17.9
1993 12 12 0.0 24.8 18.5
1993 12 13 0.0 23.9 18.2
1993 12 14 0.01 26.8 19.4
1993 12 15 0.2 24.5 18.7
1993 12 16 0.0 24.3 18.7
1993 12 17 0.01 23.4 18.6
1993 12 18 0.0 24.7 18.5
1993 12 19 0.0 25.1 18.6
1993 12 20 0.0 24.5 17.4
1993 12 21 0.0 25.4 18.7
1993 12 22 0.0 26.1 19.6
1993 12 23 0.0 25.1 18.4
1993 12 24 0.0 24.7 17.1
1993 12 25 0.0 25.1 17.5
1993 12 26 0.0 25.8 18.9
1993 12 27 0.0 24.5 19.0
1993 12 28 0.0 26.1 19.2
1993 12 29 0.0 25.8 19.7
1993 12 30 0.0 26.5 18.1
1993 12 31 0.0 26.7 19.7
1994 01 01 -99.9 26.4 18.6
1994 01 02 0.0 25.8 20.1
1994 01 03 0.0 25.0 20.4
1994 01 04 0.0 27.8 20.2
1994 01 05 0.0 26.3 17.6
1994 01 06 0.0 25.3 18.6
1994 01 07 0.0 23.4 19.0
1994 01 08 0.0 25.8 19.6
1994 01 09 0.0 22.4 18.9
1994 01 10 0.0 26.0 18.9
1994 01 11 0.0 26.2 18.1
1994 01 12 0.0 26.2 18.8
1994 01 13 0.0 26.0 20.4
1994 01 14 0.01 26.0 19.8
1994 01 15 0.0 27.4 17.5
1994 01 16 0.0 26.6 19.8
1994 01 17 0.0 27.1 20.2
1994 01 18 0.0 27.2 20.5
1994 01 19 0.0 28.1 20.5
1994 01 20 0.0 27.4 19.8
1994 01 21 0.0 26.7 20.6
1994 01 22 0.0 26.2 21.4
1994 01 23 0.01 27.9 21.0
1994 01 24 0.0 27.1 21.5
1994 01 25 0.0 26.0 20.7
1994 01 26 0.0 26.1 20.1
1994 01 27 0.0 29.0 19.9
1994 01 28 0.0 29.2 20.0
1994 01 29 0.0 26.5 20.1
1994 01 30 0.0 28.2 20.0
1994 01 31 0.3 26.0 19.6
1994 02 01 0.01 28.6 19.8
1994 02 02 0.0 28.5 19.5
1994 02 03 0.0 26.0 18.7
1994 02 04 0.0 25.0 19.0
1994 02 05 0.0 27.5 20.7
1994 02 06 0.0 28.3 20.0
1994 02 07 0.0 26.1 19.5
1994 02 08 0.0 26.5 19.8
1994 02 09 0.0 25.2 20.9
1994 02 10 0.0 25.3 20.5
1994 02 11 0.0 26.0 20.8
1994 02 12 0.0 26.2 19.8
1994 02 13 0.0 26.0 20.6
1994 02 14 0.0 27.0 19.7
1994 02 15 0.0 27.2 19.2
1994 02 16 0.0 27.5 19.3
1994 02 17 0.0 26.5 19.0
1994 02 18 0.0 26.1 19.7
1994 02 19 0.0 26.6 19.8
1994 02 20 0.0 26.5 19.9
1994 02 21 0.0 28.5 20.8
1994 02 22 0.0 29.0 20.5
1994 02 23 0.0 28.2 20.0
1994 02 24 0.0 28.8 21.1
1994 02 25 0.0 27.6 20.2
1994 02 26 0.0 28.1 20.0
1994 02 27 0.0 27.2 20.0
1994 02 28 0.0 26.8 19.8
1994 03 01 -99.9 26.3 19.8
1994 03 02 0.0 27.5 20.2
1994 03 03 0.0 26.0 20.0
1994 03 04 0.0 27.2 20.8
1994 03 05 0.0 26.7 20.8
1994 03 06 0.1 27.8 18.8
1994 03 07 0.0 26.4 19.0
1994 03 08 0.0 27.4 19.2
1994 03 09 0.0 27.5 20.8
1994 03 10 0.0 27.7 19.5
1994 03 11 0.0 26.3 21.0
1994 03 12 0.0 26.8 19.5
1994 03 13 0.0 26.9 21.5
1994 03 14 0.0 27.0 20.1
1994 03 15 0.0 26.0 19.4
1994 03 16 0.0 25.8 19.4
1994 03 17 0.0 28.0 19.9
1994 03 18 0.0 26.3 20.0
1994 03 19 0.0 26.6 18.3
1994 03 20 0.0 27.3 19.0
1994 03 21 0.0 27.6 19.7
1994 03 22 0.0 26.3 18.3
1994 03 23 0.0 27.0 19.0
1994 03 24 0.0 26.4 21.0
1994 03 25 0.0 24.0 19.0
1994 03 26 0.0 24.5 19.4
1994 03 27 0.0 25.3 18.5
1994 03 28 0.0 27.6 20.5
1994 03 29 0.0 28.3 -99.9
1994 03 30 0.0 29.1 19.5
1994 03 31 0.0 28.7 20.2
1994 04 01 -99.9 27.2 21.5
1994 04 02 0.0 27.5 21.5
1994 04 03 0.0 27.6 20.1
1994 04 04 0.0 26.5 19.0
1994 04 05 0.0 24.5 19.3
1994 04 06 0.0 27.2 18.9
1994 04 07 0.0 25.6 19.0
1994 04 08 0.0 26.8 19.1
1994 04 09 0.0 24.8 18.1
1994 04 10 0.0 25.0 18.0
1994 04 11 0.0 26.5 17.5
1994 04 12 0.0 25.3 17.8
1994 04 13 0.0 26.4 18.7
1994 04 14 0.0 25.2 18.5
1994 04 15 0.0 25.3 18.8
1994 04 16 0.0 24.8 18.1
1994 04 17 0.0 24.0 18.3
1994 04 18 0.0 26.6 19.0
1994 04 19 0.0 26.2 19.1
1994 04 20 0.0 26.3 17.5
1994 04 21 0.0 24.4 17.1
1994 04 22 0.0 22.4 18.0
1994 04 23 0.0 22.8 17.5
1994 04 24 0.0 23.2 17.7
1994 04 25 0.0 24.3 17.0
1994 04 26 0.0 26.2 16.9
1994 04 27 0.0 25.0 17.6
1994 04 28 0.0 25.5 17.4
1994 04 29 0.0 25.0 18.3
1994 04 30 0.0 24.5 18.0
1994 05 01 -99.9 24.1 18.0
1994 05 02 -99.9 23.0 16.9
1994 05 03 -99.9 22.9 17.6
1994 05 04 -99.9 24.5 18.1
1994 05 05 -99.9 25.7 18.5
1994 05 06 -99.9 23.2 17.2
1994 05 07 -99.9 22.6 17.3
1994 05 08 -99.9 22.7 17.0
1994 05 09 -99.9 22.7 17.8
1994 05 10 -99.9 21.2 17.0
1994 05 11 -99.9 22.3 17.5
1994 05 12 -99.9 22.6 17.3
1994 05 13 -99.9 21.6 16.5
1994 05 14 -99.9 22.6 16.7
1994 05 15 -99.9 23.5 16.1
1994 05 16 -99.9 22.1 17.9
1994 05 17 -99.9 20.1 17.5
1994 05 18 -99.9 23.0 16.9
1994 05 19 -99.9 23.2 16.7
1994 05 20 -99.9 23.0 16.5
1994 05 21 -99.9 24.2 16.9
1994 05 22 -99.9 21.4 17.0
1994 05 23 -99.9 19.8 17.0
1994 05 24 -99.9 21.5 17.6
1994 05 25 -99.9 23.2 17.1
1994 05 26 -99.9 23.3 16.2
1994 05 27 -99.9 22.5 16.2
1994 05 28 -99.9 21.7 15.2
1994 05 29 -99.9 18.8 16.4
1994 05 30 -99.9 19.7 16.1
1994 05 31 -99.9 21.2 17.6
1994 06 01 -99.9 23.0 13.8
1994 06 02 0.0 19.9 15.5
1994 06 03 0.0 19.9 16.0
1994 06 04 0.0 19.4 16.0
1994 06 05 0.0 19.6 14.7
1994 06 06 0.0 20.2 14.7
1994 06 07 0.0 21.3 13.3
1994 06 08 0.0 19.7 15.1
1994 06 09 0.0 18.7 15.4
1994 06 10 0.0 19.5 14.6
1994 06 11 0.0 19.0 14.4
1994 06 12 0.0 21.5 15.0
1994 06 13 0.0 22.0 16.3
1994 06 14 0.0 19.5 17.5
1994 06 15 0.0 21.2 16.1
1994 06 16 0.0 20.3 15.5
1994 06 17 0.0 19.5 16.2
1994 06 18 0.0 21.6 16.3
1994 06 19 0.0 20.2 16.0
1994 06 20 0.0 19.7 16.0
1994 06 21 0.0 19.0 15.6
1994 06 22 0.01 19.5 15.0
1994 06 23 0.01 18.5 15.3
1994 06 24 0.01 18.4 14.8
1994 06 25 0.01 19.1 14.9
1994 06 26 0.0 18.8 15.6
1994 06 27 0.0 19.4 15.8
1994 06 28 0.0 20.4 15.7
1994 06 29 0.0 18.7 15.8
1994 06 30 0.0 18.8 15.4
1994 07 01 -99.9 18.2 15.7
1994 07 02 0.0 17.6 15.5
1994 07 03 0.0 18.9 15.6
1994 07 04 0.1 18.5 15.4
1994 07 05 0.0 19.4 16.0
1994 07 06 0.0 19.5 15.9
1994 07 07 0.0 19.0 15.8
1994 07 08 0.01 18.8 15.6
1994 07 09 0.0 18.8 15.5
1994 07 10 0.0 17.8 15.2
1994 07 11 0.01 18.0 15.8
1994 07 12 0.01 18.4 14.8
1994 07 13 0.01 18.5 15.4
1994 07 14 0.0 18.8 15.0
1994 07 15 0.0 19.1 15.2
1994 07 16 0.0 18.2 14.0
1994 07 17 0.0 19.2 15.5
1994 07 18 0.0 19.5 15.5
1994 07 19 0.0 20.9 13.1
1994 07 20 0.0 18.3 15.8
1994 07 21 0.1 17.6 14.9
1994 07 22 0.0 19.5 15.4
1994 07 23 0.0 19.4 15.7
1994 07 24 0.0 18.0 15.0
1994 07 25 0.0 17.8 14.7
1994 07 26 0.5 17.0 14.5
1994 07 27 0.0 17.5 15.4
1994 07 28 0.0 18.8 15.1
1994 07 29 0.0 19.1 15.0
1994 07 30 0.01 18.0 15.0
1994 07 31 0.0 18.2 14.7
1994 08 01 0.1 17.5 15.2
1994 08 02 0.01 18.8 14.9
1994 08 03 0.0 18.2 15.0
1994 08 04 0.0 17.9 14.7
1994 08 05 0.0 17.6 13.7
1994 08 06 0.01 19.6 15.0
1994 08 07 0.0 17.6 15.6
1994 08 08 0.0 17.8 15.0
1994 08 09 0.0 18.3 15.4
1994 08 10 0.0 18.0 15.0
1994 08 11 0.01 17.8 14.7
1994 08 12 0.1 17.7 14.2
1994 08 13 0.0 18.6 14.9
1994 08 14 0.01 17.0 14.8
1994 08 15 0.0 19.0 14.1
1994 08 16 0.01 20.3 14.8
1994 08 17 0.01 19.5 15.0
1994 08 18 0.0 18.2 15.2
1994 08 19 0.0 18.9 15.5
1994 08 20 0.0 19.7 15.4
1994 08 21 0.0 20.5 15.0
1994 08 22 0.0 20.5 15.8
1994 08 23 0.0 19.0 14.8
1994 08 24 0.0 19.8 15.0
1994 08 25 0.0 19.1 14.8
1994 08 26 0.0 18.2 15.0
1994 08 27 0.01 21.0 14.8
1994 08 28 0.01 18.5 15.1
1994 08 29 0.0 20.8 15.6
1994 08 30 0.0 19.3 16.4
1994 08 31 0.0 18.0 15.6
1994 09 01 -99.9 18.6 15.8
1994 09 02 0.0 19.9 15.5
1994 09 03 0.0 19.7 15.0
1994 09 04 0.5 18.6 14.9
1994 09 05 0.01 17.2 14.5
1994 09 06 0.0 18.8 14.6
1994 09 07 0.0 20.8 15.4
1994 09 08 0.0 19.2 15.0
1994 09 09 0.0 20.3 15.6
1994 09 10 0.01 18.9 15.1
1994 09 11 0.0 20.0 15.0
1994 09 12 0.01 19.3 15.3
1994 09 13 0.0 19.6 15.3
1994 09 14 0.0 21.2 15.9
1994 09 15 0.0 19.8 15.6
1994 09 16 0.01 21.2 15.8
1994 09 17 0.0 21.6 15.2
1994 09 18 0.01 21.3 15.8
1994 09 19 0.3 20.0 15.0
1994 09 20 0.0 20.0 15.1
1994 09 21 0.0 20.8 16.0
1994 09 22 0.0 23.5 15.5
1994 09 23 0.01 20.5 17.0
1994 09 24 0.0 22.0 15.3
1994 09 25 0.0 22.5 17.5
1994 09 26 0.0 22.2 16.5
1994 09 27 0.0 22.1 17.0
1994 09 28 0.0 23.0 16.7
1994 09 29 0.0 23.2 16.4
1994 09 30 0.0 23.2 16.2
1994 10 01 -99.9 22.9 16.6
1994 10 02 0.01 21.3 16.6
1994 10 03 0.0 21.2 16.5
1994 10 04 0.8 21.5 16.8
1994 10 05 0.0 21.4 15.7
1994 10 06 0.0 20.2 16.2
1994 10 07 0.0 22.4 14.9
1994 10 08 0.01 22.2 14.4
1994 10 09 0.0 23.0 17.0
1994 10 10 0.0 22.0 17.1
1994 10 11 0.1 20.6 17.0
1994 10 12 0.2 20.8 -99.9
1994 10 13 0.01 21.7 16.9
1994 10 14 0.0 21.8 15.9
1994 10 15 0.01 21.5 16.8
1994 10 16 0.0 21.6 16.8
1994 10 17 0.0 21.4 16.5
1994 10 18 0.0 20.5 16.2
1994 10 19 0.0 20.5 16.3
1994 10 20 0.0 21.6 15.9
1994 10 21 0.0 19.8 16.0
1994 10 22 0.0 20.4 17.0
1994 10 23 0.0 21.5 16.8
1994 10 24 0.0 19.8 16.2
1994 10 25 0.0 20.1 16.7
1994 10 26 0.0 21.0 16.6
1994 10 27 0.0 21.6 16.8
1994 10 28 0.0 21.0 16.5
1994 10 29 0.0 22.3 17.0
1994 10 30 0.0 21.4 15.4
1994 10 31 0.0 21.1 15.3
1994 11 01 -99.9 21.1 16.7
1994 11 02 0.0 23.7 17.1
1994 11 03 0.0 23.0 16.2
1994 11 04 0.0 22.4 15.9
1994 11 05 0.0 22.4 14.9
1994 11 06 0.0 21.6 16.4
1994 11 07 0.0 21.6 16.6
1994 11 08 0.0 22.4 16.8
1994 11 09 0.0 21.4 16.3
1994 11 10 0.0 21.5 17.0
1994 11 11 0.0 22.0 16.8
1994 11 12 0.0 22.3 17.0
1994 11 13 0.0 22.8 16.5
1994 11 14 0.0 22.3 17.4
1994 11 15 0.0 21.0 17.8
1994 11 16 0.0 25.1 17.8
1994 11 17 0.0 25.0 17.2
1994 11 18 0.0 25.4 17.7
1994 11 19 0.0 22.7 17.9
1994 11 20 0.01 23.1 18.2
1994 11 21 0.0 24.4 17.7
1994 11 22 0.0 21.3 18.0
1994 11 23 0.0 23.5 17.8
1994 11 24 0.0 24.4 17.7
1994 11 25 0.0 23.9 17.9
1994 11 26 0.0 25.4 16.0
1994 11 27 0.0 22.8 17.0
1994 11 28 0.0 25.8 17.5
1994 11 29 0.0 22.5 16.5
1994 11 30 0.0 22.2 17.0
1994 12 01 -99.9 24.7 18.0
1994 12 02 0.0 24.4 18.5
1994 12 03 0.0 25.0 18.5
1994 12 04 0.0 24.5 17.4
1994 12 05 0.0 24.9 18.0
1994 12 06 0.0 24.4 17.8
1994 12 07 0.0 24.7 18.9
1994 12 08 0.0 24.4 19.2
1994 12 09 0.0 24.6 19.1
1994 12 10 0.0 25.5 19.4
1994 12 11 0.0 23.3 19.7
1994 12 12 0.0 25.4 19.4
1994 12 13 0.0 25.0 19.4
1994 12 14 0.3 23.4 19.7
1994 12 15 0.0 24.6 17.8
1994 12 16 0.0 24.5 19.3
1994 12 17 0.0 26.2 19.7
1994 12 18 0.0 24.3 19.5
1994 12 19 0.0 24.3 19.7
1994 12 20 0.0 24.5 20.0
1994 12 21 0.0 24.7 19.6
1994 12 22 0.2 24.3 20.0
1994 12 23 0.0 26.2 20.3
1994 12 24 0.0 26.8 19.0
1994 12 25 0.0 25.4 20.5
1994 12 26 0.0 24.3 21.5
1994 12 27 0.0 27.3 21.4
1994 12 28 0.0 26.8 20.9
1994 12 29 0.0 25.8 20.8
1994 12 30 0.0 27.3 20.8
1994 12 31 0.0 27.1 20.5
1995 01 01 -99.9 26.5 21.0
1995 01 02 0.0 26.8 20.8
1995 01 03 0.0 26.5 22.4
1995 01 04 0.0 29.2 21.0
1995 01 05 0.0 28.4 22.0
1995 01 06 0.0 27.3 19.7
1995 01 07 0.01 25.5 20.9
1995 01 08 0.0 27.0 21.2
1995 01 09 0.0 27.8 21.0
1995 01 10 0.0 29.2 20.7
1995 01 11 0.0 28.0 20.3
1995 01 12 0.0 28.3 21.5
1995 01 13 0.0 27.7 21.0
1995 01 14 0.0 27.2 21.1
1995 01 15 0.0 27.0 22.3
1995 01 16 0.0 -99.9 21.7
1995 01 17 0.0 -99.9 -99.9
1995 01 18 0.0 -99.9 21.7
1995 01 19 0.0 27.3 21.2
1995 01 20 0.0 27.5 20.8
1995 01 21 0.0 28.2 20.7
1995 01 22 0.01 29.3 20.7
1995 01 23 0.0 28.0 21.4
1995 01 24 0.0 27.8 22.1
1995 01 25 0.0 28.4 21.8
1995 01 26 0.0 29.7 21.9
1995 01 27 0.01 29.2 21.2
1995 01 28 0.0 27.8 22.0
1995 01 29 0.0 26.9 21.8
1995 01 30 0.0 28.2 22.0
1995 01 31 0.0 30.0 22.3
1995 02 01 -99.9 31.0 21.8
1995 02 02 0.0 30.2 22.4
1995 02 03 0.0 28.0 22.0
1995 02 04 0.0 27.4 22.0
1995 02 05 0.0 27.0 21.6
1995 02 06 0.0 28.8 20.0
1995 02 07 0.0 27.6 21.1
1995 02 08 0.0 28.4 21.2
1995 02 09 0.0 27.1 21.5
1995 02 10 0.0 28.9 20.8
1995 02 11 0.0 27.2 21.5
1995 02 12 0.0 29.1 20.8
1995 02 13 0.0 28.0 20.8
1995 02 14 0.0 29.9 20.6
1995 02 15 0.0 29.2 20.5
1995 02 16 0.0 29.4 19.2
1995 02 17 0.0 29.0 20.8
1995 02 18 0.0 29.3 21.1
1995 02 19 0.0 28.2 20.8
1995 02 20 0.0 28.3 20.9
1995 02 21 0.0 27.8 20.4
1995 02 22 0.0 26.1 21.0
1995 02 23 0.0 27.4 20.5
1995 02 24 0.0 26.5 18.4
1995 02 25 0.0 26.5 18.0
1995 02 26 0.0 26.4 20.2
1995 02 27 0.0 27.2 20.5
1995 02 28 0.0 27.2 19.7
1995 03 01 -99.9 27.0 18.2
1995 03 02 0.0 26.3 19.7
1995 03 03 0.0 26.5 19.5
1995 03 04 0.0 26.6 19.2
1995 03 05 0.0 27.5 21.3
1995 03 06 0.0 28.1 21.5
1995 03 07 0.0 28.2 20.9
1995 03 08 0.0 26.2 19.4
1995 03 09 0.0 27.0 20.8
1995 03 10 0.0 28.9 21.1
1995 03 11 0.0 27.2 20.0
1995 03 12 0.0 28.4 21.8
1995 03 13 0.0 27.5 20.7
1995 03 14 0.0 28.1 21.0
1995 03 15 0.0 28.2 20.0
1995 03 16 0.0 30.0 20.3
1995 03 17 0.0 30.0 20.0
1995 03 18 0.0 27.3 20.0
1995 03 19 0.3 26.0 20.2
1995 03 20 0.0 25.4 21.0
1995 03 21 0.0 23.5 20.0
1995 03 22 0.0 27.5 20.7
1995 03 23 0.0 26.2 18.2
1995 03 24 0.0 28.1 19.5
1995 03 25 0.0 28.5 20.2
1995 03 26 0.0 27.5 19.0
1995 03 27 0.0 25.7 20.0
1995 03 28 0.0 23.3 19.0
1995 03 29 0.0 23.5 18.6
1995 03 30 0.0 25.2 19.0
1995 03 31 0.0 25.2 17.7
1995 04 01 0.0 22.6 17.7
1995 04 02 0.0 25.5 19.0
1995 04 03 0.4 26.3 20.0
1995 04 04 0.0 25.0 20.9
1995 04 05 0.0 24.2 18.7
1995 04 06 0.0 24.8 18.9
1995 04 07 0.0 26.3 18.1
1995 04 08 0.0 -99.9 19.4
1995 04 09 0.0 -99.9 18.3
1995 04 10 0.0 -99.9 17.8
1995 04 11 0.0 23.8 18.8
1995 04 12 0.0 24.0 18.2
1995 04 13 0.0 24.8 19.7
1995 04 14 0.0 25.5 18.8
1995 04 15 0.0 24.8 16.8
1995 04 16 0.0 23.3 18.5
1995 04 17 0.0 23.3 17.8
1995 04 18 0.0 23.8 18.8
1995 04 19 0.0 25.9 18.0
1995 04 20 0.0 23.8 17.0
1995 04 21 0.0 22.5 17.6
1995 04 22 0.0 22.0 18.0
1995 04 23 0.3 22.5 16.9
1995 04 24 0.01 23.2 16.7
1995 04 25 0.0 22.0 16.1
1995 04 26 0.0 23.0 15.0
1995 04 27 0.01 20.5 16.3
1995 04 28 0.01 20.0 -99.9
1995 04 29 0.0 22.0 14.8
1995 04 30 0.0 22.5 15.0
