1996 01 01 0.7 -99.9 -99.9
1996 01 02 10.2 -99.9 -99.9
1996 01 03 22.9 -99.9 -99.9
1996 01 04 18.0 -99.9 -99.9
1996 01 05 4.0 -99.9 -99.9
1996 01 06 0.0 -99.9 -99.9
1996 01 07 0.0 -99.9 -99.9
1996 01 08 0.0 -99.9 -99.9
1996 01 09 12.5 -99.9 -99.9
1996 01 10 2.1 -99.9 -99.9
1996 01 11 5.0 -99.9 -99.9
1996 01 12 9.7 -99.9 -99.9
1996 01 13 0.0 -99.9 -99.9
1996 01 14 0.0 -99.9 -99.9
1996 01 15 0.0 -99.9 -99.9
1996 01 16 0.0 -99.9 -99.9
1996 01 17 0.0 -99.9 -99.9
1996 01 18 0.0 -99.9 -99.9
1996 01 19 0.0 -99.9 -99.9
1996 01 20 0.0 -99.9 -99.9
1996 01 21 0.0 -99.9 -99.9
1996 01 22 0.0 -99.9 -99.9
1996 01 23 0.0 -99.9 -99.9
1996 01 24 0.0 -99.9 -99.9
1996 01 25 6.6 -99.9 -99.9
1996 01 26 0.0 -99.9 -99.9
1996 01 27 9.1 -99.9 -99.9
1996 01 28 4.1 -99.9 -99.9
1996 01 29 10.2 -99.9 -99.9
1996 01 30 7.3 -99.9 -99.9
1996 01 31 8.2 -99.9 -99.9
1996 02 01 0.0 -99.9 -99.9
1996 02 02 1.1 -99.9 -99.9
1996 02 03 0.2 -99.9 -99.9
1996 02 04 4.2 -99.9 -99.9
1996 02 05 0.8 -99.9 -99.9
1996 02 06 0.0 -99.9 -99.9
1996 02 07 0.0 -99.9 -99.9
1996 02 08 0.0 -99.9 -99.9
1996 02 09 0.0 -99.9 -99.9
1996 02 10 0.0 -99.9 -99.9
1996 02 11 0.0 -99.9 -99.9
1996 02 12 0.0 -99.9 -99.9
1996 02 13 0.0 -99.9 -99.9
1996 02 14 9.4 -99.9 -99.9
1996 02 15 5.7 -99.9 -99.9
1996 02 16 5.2 -99.9 -99.9
1996 02 17 4.0 -99.9 -99.9
1996 02 18 7.5 -99.9 -99.9
1996 02 19 9.6 -99.9 -99.9
1996 02 20 7.1 -99.9 -99.9
1996 02 21 0.0 -99.9 -99.9
1996 02 22 0.0 -99.9 -99.9
1996 02 23 0.0 -99.9 -99.9
1996 02 24 0.0 -99.9 -99.9
1996 02 25 0.0 -99.9 -99.9
1996 02 26 0.0 -99.9 -99.9
1996 02 27 1.2 -99.9 -99.9
1996 02 28 3.5 -99.9 -99.9
1996 02 29 2.0 -99.9 -99.9
1996 03 01 0.0 -99.9 -99.9
1996 03 02 0.0 -99.9 -99.9
1996 03 03 0.0 -99.9 -99.9
1996 03 04 0.0 -99.9 -99.9
1996 03 05 3.5 -99.9 -99.9
1996 03 06 6.8 -99.9 -99.9
1996 03 07 8.4 -99.9 -99.9
1996 03 08 7.2 -99.9 -99.9
1996 03 09 4.4 -99.9 -99.9
1996 03 10 5.4 -99.9 -99.9
1996 03 11 3.7 -99.9 -99.9
1996 03 12 2.1 -99.9 -99.9
1996 03 13 0.0 -99.9 -99.9
1996 03 14 0.0 -99.9 -99.9
1996 03 15 0.0 -99.9 -99.9
1996 03 16 0.0 -99.9 -99.9
1996 03 17 0.0 -99.9 -99.9
1996 03 18 6.5 -99.9 -99.9
1996 03 19 2.4 -99.9 -99.9
1996 03 20 3.1 -99.9 -99.9
1996 03 21 1.1 -99.9 -99.9
1996 03 22 7.4 -99.9 -99.9
1996 03 23 5.4 -99.9 -99.9
1996 03 24 9.1 -99.9 -99.9
1996 03 25 3.1 -99.9 -99.9
1996 03 26 1.2 -99.9 -99.9
1996 03 27 2.1 -99.9 -99.9
1996 03 28 6.0 -99.9 -99.9
1996 03 29 14.7 -99.9 -99.9
1996 03 30 7.1 -99.9 -99.9
1996 03 31 8.4 -99.9 -99.9
1996 04 01 8.2 -99.9 -99.9
1996 04 02 26.6 -99.9 -99.9
1996 04 03 2.6 -99.9 -99.9
1996 04 04 10.7 -99.9 -99.9
1996 04 05 2.8 -99.9 -99.9
1996 04 06 5.0 -99.9 -99.9
1996 04 07 1.5 -99.9 -99.9
1996 04 08 3.4 -99.9 -99.9
1996 04 09 7.4 -99.9 -99.9
1996 04 10 2.1 -99.9 -99.9
1996 04 11 4.4 -99.9 -99.9
1996 04 12 0.5 -99.9 -99.9
1996 04 13 2.6 -99.9 -99.9
1996 04 14 0.0 -99.9 -99.9
1996 04 15 2.0 -99.9 -99.9
1996 04 16 12.5 -99.9 -99.9
1996 04 17 13.6 -99.9 -99.9
1996 04 18 3.5 -99.9 -99.9
1996 04 19 0.0 -99.9 -99.9
1996 04 20 2.3 -99.9 -99.9
1996 04 21 2.0 -99.9 -99.9
1996 04 22 1.5 -99.9 -99.9
1996 04 23 6.0 -99.9 -99.9
1996 04 24 0.0 -99.9 -99.9
1996 04 25 1.3 -99.9 -99.9
1996 04 26 0.0 -99.9 -99.9
1996 04 27 1.1 -99.9 -99.9
1996 04 28 0.0 -99.9 -99.9
1996 04 29 1.5 -99.9 -99.9
1996 04 30 0.0 -99.9 -99.9
1996 05 01 2.0 -99.9 -99.9
1996 05 02 1.4 -99.9 -99.9
1996 05 03 0.0 -99.9 -99.9
1996 05 04 0.0 -99.9 -99.9
1996 05 05 0.0 -99.9 -99.9
1996 05 06 0.0 -99.9 -99.9
1996 05 07 0.0 -99.9 -99.9
1996 05 08 0.0 -99.9 -99.9
1996 05 09 0.0 -99.9 -99.9
1996 05 10 0.0 -99.9 -99.9
1996 05 11 0.8 -99.9 -99.9
1996 05 12 4.3 -99.9 -99.9
1996 05 13 3.5 -99.9 -99.9
1996 05 14 0.0 -99.9 -99.9
1996 05 15 0.0 -99.9 -99.9
1996 05 16 0.0 -99.9 -99.9
1996 05 17 0.0 -99.9 -99.9
1996 05 18 0.0 -99.9 -99.9
1996 05 19 0.0 -99.9 -99.9
1996 05 20 0.0 -99.9 -99.9
1996 05 21 0.0 -99.9 -99.9
1996 05 22 0.0 -99.9 -99.9
1996 05 23 0.0 -99.9 -99.9
1996 05 24 0.0 -99.9 -99.9
1996 05 25 0.0 -99.9 -99.9
1996 05 26 0.0 -99.9 -99.9
1996 05 27 0.0 -99.9 -99.9
1996 05 28 0.0 -99.9 -99.9
1996 05 29 0.0 -99.9 -99.9
1996 05 30 0.0 -99.9 -99.9
1996 05 31 0.0 -99.9 -99.9
1996 06 01 0.0 -99.9 -99.9
1996 06 02 0.0 -99.9 -99.9
1996 06 03 0.0 -99.9 -99.9
1996 06 04 0.0 -99.9 -99.9
1996 06 05 0.0 -99.9 -99.9
1996 06 06 0.0 -99.9 -99.9
1996 06 07 0.0 -99.9 -99.9
1996 06 08 0.0 -99.9 -99.9
1996 06 09 0.0 -99.9 -99.9
1996 06 10 0.0 -99.9 -99.9
1996 06 11 0.0 -99.9 -99.9
1996 06 12 0.0 -99.9 -99.9
1996 06 13 0.0 -99.9 -99.9
1996 06 14 0.0 -99.9 -99.9
1996 06 15 0.0 -99.9 -99.9
1996 06 16 0.0 -99.9 -99.9
1996 06 17 0.0 -99.9 -99.9
1996 06 18 0.0 -99.9 -99.9
1996 06 19 0.0 -99.9 -99.9
1996 06 20 0.0 -99.9 -99.9
1996 06 21 0.0 -99.9 -99.9
1996 06 22 0.0 -99.9 -99.9
1996 06 23 0.0 -99.9 -99.9
1996 06 24 0.0 -99.9 -99.9
1996 06 25 0.0 -99.9 -99.9
1996 06 26 0.0 -99.9 -99.9
1996 06 27 0.0 -99.9 -99.9
1996 06 28 0.0 -99.9 -99.9
1996 06 29 0.0 -99.9 -99.9
1996 06 30 0.0 -99.9 -99.9
1996 07 01 0.0 -99.9 -99.9
1996 07 02 0.0 -99.9 -99.9
1996 07 03 0.0 -99.9 -99.9
1996 07 04 0.0 -99.9 -99.9
1996 07 05 0.0 -99.9 -99.9
1996 07 06 0.0 -99.9 -99.9
1996 07 07 0.0 -99.9 -99.9
1996 07 08 0.0 -99.9 -99.9
1996 07 09 0.0 -99.9 -99.9
1996 07 10 0.0 -99.9 -99.9
1996 07 11 0.0 -99.9 -99.9
1996 07 12 0.0 -99.9 -99.9
1996 07 13 0.0 -99.9 -99.9
1996 07 14 0.0 -99.9 -99.9
1996 07 15 0.0 -99.9 -99.9
1996 07 16 0.0 -99.9 -99.9
1996 07 17 0.0 -99.9 -99.9
1996 07 18 0.0 -99.9 -99.9
1996 07 19 0.0 -99.9 -99.9
1996 07 20 0.0 -99.9 -99.9
1996 07 21 0.0 -99.9 -99.9
1996 07 22 0.0 -99.9 -99.9
1996 07 23 0.0 -99.9 -99.9
1996 07 24 0.0 -99.9 -99.9
1996 07 25 0.0 -99.9 -99.9
1996 07 26 0.0 -99.9 -99.9
1996 07 27 0.0 -99.9 -99.9
1996 07 28 0.0 -99.9 -99.9
1996 07 29 0.0 -99.9 -99.9
1996 07 30 0.0 -99.9 -99.9
1996 07 31 0.0 -99.9 -99.9
1996 08 01 0.0 -99.9 -99.9
1996 08 02 0.0 -99.9 -99.9
1996 08 03 0.0 -99.9 -99.9
1996 08 04 0.0 -99.9 -99.9
1996 08 05 0.0 -99.9 -99.9
1996 08 06 0.0 -99.9 -99.9
1996 08 07 0.0 -99.9 -99.9
1996 08 08 0.0 -99.9 -99.9
1996 08 09 0.0 -99.9 -99.9
1996 08 10 0.0 -99.9 -99.9
1996 08 11 0.0 -99.9 -99.9
1996 08 12 0.0 -99.9 -99.9
1996 08 13 0.0 -99.9 -99.9
1996 08 14 0.4 -99.9 -99.9
1996 08 15 0.0 -99.9 -99.9
1996 08 16 0.0 -99.9 -99.9
1996 08 17 0.0 -99.9 -99.9
1996 08 18 0.0 -99.9 -99.9
1996 08 19 0.0 -99.9 -99.9
1996 08 20 0.0 -99.9 -99.9
1996 08 21 0.0 -99.9 -99.9
1996 08 22 0.8 -99.9 -99.9
1996 08 23 0.0 -99.9 -99.9
1996 08 24 0.0 -99.9 -99.9
1996 08 25 1.5 -99.9 -99.9
1996 08 26 0.3 -99.9 -99.9
1996 08 27 0.0 -99.9 -99.9
1996 08 28 0.0 -99.9 -99.9
1996 08 29 0.0 -99.9 -99.9
1996 08 30 0.0 -99.9 -99.9
1996 08 31 0.0 -99.9 -99.9
1996 09 01 0.0 -99.9 -99.9
1996 09 02 0.0 -99.9 -99.9
1996 09 03 0.0 -99.9 -99.9
1996 09 04 1.5 -99.9 -99.9
1996 09 05 0.0 -99.9 -99.9
1996 09 06 0.0 -99.9 -99.9
1996 09 07 0.0 -99.9 -99.9
1996 09 08 0.0 -99.9 -99.9
1996 09 09 0.0 -99.9 -99.9
1996 09 10 0.0 -99.9 -99.9
1996 09 11 0.0 -99.9 -99.9
1996 09 12 0.0 -99.9 -99.9
1996 09 13 0.0 -99.9 -99.9
1996 09 14 0.0 -99.9 -99.9
1996 09 15 0.0 -99.9 -99.9
1996 09 16 0.0 -99.9 -99.9
1996 09 17 0.0 -99.9 -99.9
1996 09 18 0.0 -99.9 -99.9
1996 09 19 0.0 -99.9 -99.9
1996 09 20 0.0 -99.9 -99.9
1996 09 21 0.0 -99.9 -99.9
1996 09 22 0.0 -99.9 -99.9
1996 09 23 0.0 -99.9 -99.9
1996 09 24 0.0 -99.9 -99.9
1996 09 25 1.5 -99.9 -99.9
1996 09 26 2.7 -99.9 -99.9
1996 09 27 7.5 -99.9 -99.9
1996 09 28 0.0 -99.9 -99.9
1996 09 29 0.5 -99.9 -99.9
1996 09 30 3.5 -99.9 -99.9
1996 10 01 0.0 -99.9 -99.9
1996 10 02 3.2 -99.9 -99.9
1996 10 03 0.0 -99.9 -99.9
1996 10 04 0.0 -99.9 -99.9
1996 10 05 0.0 -99.9 -99.9
1996 10 06 0.0 -99.9 -99.9
1996 10 07 5.1 -99.9 -99.9
1996 10 08 2.6 -99.9 -99.9
1996 10 09 3.2 -99.9 -99.9
1996 10 10 0.0 -99.9 -99.9
1996 10 11 0.0 -99.9 -99.9
1996 10 12 0.0 -99.9 -99.9
1996 10 13 0.0 -99.9 -99.9
1996 10 14 2.2 -99.9 -99.9
1996 10 15 2.0 -99.9 -99.9
1996 10 16 0.5 -99.9 -99.9
1996 10 17 0.8 -99.9 -99.9
1996 10 18 0.0 -99.9 -99.9
1996 10 19 0.0 -99.9 -99.9
1996 10 20 1.5 -99.9 -99.9
1996 10 21 1.5 -99.9 -99.9
1996 10 22 22.1 -99.9 -99.9
1996 10 23 4.4 -99.9 -99.9
1996 10 24 1.7 -99.9 -99.9
1996 10 25 5.3 -99.9 -99.9
1996 10 26 4.1 -99.9 -99.9
1996 10 27 0.0 -99.9 -99.9
1996 10 28 0.0 -99.9 -99.9
1996 10 29 6.0 -99.9 -99.9
1996 10 30 6.0 -99.9 -99.9
1996 10 31 5.0 -99.9 -99.9
1996 11 01 14.4 -99.9 -99.9
1996 11 02 15.0 -99.9 -99.9
1996 11 03 0.0 -99.9 -99.9
1996 11 04 0.0 -99.9 -99.9
1996 11 05 5.4 -99.9 -99.9
1996 11 06 5.8 -99.9 -99.9
1996 11 07 2.1 -99.9 -99.9
1996 11 08 0.0 -99.9 -99.9
1996 11 09 0.0 -99.9 -99.9
1996 11 10 0.0 -99.9 -99.9
1996 11 11 0.0 -99.9 -99.9
1996 11 12 0.0 -99.9 -99.9
1996 11 13 0.0 -99.9 -99.9
1996 11 14 0.0 -99.9 -99.9
1996 11 15 0.0 -99.9 -99.9
1996 11 16 0.0 -99.9 -99.9
1996 11 17 0.0 -99.9 -99.9
1996 11 18 0.0 -99.9 -99.9
1996 11 19 0.0 -99.9 -99.9
1996 11 20 0.0 -99.9 -99.9
1996 11 21 0.0 -99.9 -99.9
1996 11 22 0.0 -99.9 -99.9
1996 11 23 0.0 -99.9 -99.9
1996 11 24 0.0 -99.9 -99.9
1996 11 25 0.0 -99.9 -99.9
1996 11 26 0.0 -99.9 -99.9
1996 11 27 0.0 -99.9 -99.9
1996 11 28 0.2 -99.9 -99.9
1996 11 29 1.5 -99.9 -99.9
1996 11 30 1.5 -99.9 -99.9
1996 12 01 0.0 -99.9 -99.9
1996 12 02 0.0 -99.9 -99.9
1996 12 03 0.0 -99.9 -99.9
1996 12 04 0.0 -99.9 -99.9
1996 12 05 0.0 -99.9 -99.9
1996 12 06 0.0 -99.9 -99.9
1996 12 07 0.0 -99.9 -99.9
1996 12 08 6.4 -99.9 -99.9
1996 12 09 0.0 -99.9 -99.9
1996 12 10 0.0 -99.9 -99.9
1996 12 11 0.0 -99.9 -99.9
1996 12 12 0.0 -99.9 -99.9
1996 12 13 0.0 -99.9 -99.9
1996 12 14 0.0 -99.9 -99.9
1996 12 15 0.0 -99.9 -99.9
1996 12 16 0.0 -99.9 -99.9
1996 12 17 0.0 -99.9 -99.9
1996 12 18 0.0 -99.9 -99.9
1996 12 19 14.3 -99.9 -99.9
1996 12 20 1.6 -99.9 -99.9
1996 12 21 0.0 -99.9 -99.9
1996 12 22 0.0 -99.9 -99.9
1996 12 23 0.0 -99.9 -99.9
1996 12 24 1.8 -99.9 -99.9
1996 12 25 4.5 -99.9 -99.9
1996 12 26 1.2 -99.9 -99.9
1996 12 27 20.1 -99.9 -99.9
1996 12 28 0.0 -99.9 -99.9
1996 12 29 0.0 -99.9 -99.9
1996 12 30 0.0 -99.9 -99.9
1996 12 31 0.0 -99.9 -99.9
1997 01 01 0.0 -99.9 -99.9
1997 01 02 0.0 -99.9 -99.9
1997 01 03 0.0 -99.9 -99.9
1997 01 04 6.0 -99.9 -99.9
1997 01 05 0.0 -99.9 -99.9
1997 01 06 8.8 -99.9 -99.9
1997 01 07 10.2 -99.9 -99.9
1997 01 08 0.0 -99.9 -99.9
1997 01 09 0.0 -99.9 -99.9
1997 01 10 3.0 -99.9 -99.9
1997 01 11 0.0 -99.9 -99.9
1997 01 12 0.0 -99.9 -99.9
1997 01 13 0.0 -99.9 -99.9
1997 01 14 4.5 -99.9 -99.9
1997 01 15 2.5 -99.9 -99.9
1997 01 16 4.4 -99.9 -99.9
1997 01 17 11.2 -99.9 -99.9
1997 01 18 1.8 -99.9 -99.9
1997 01 19 0.0 -99.9 -99.9
1997 01 20 0.0 -99.9 -99.9
1997 01 21 0.0 -99.9 -99.9
1997 01 22 0.0 -99.9 -99.9
1997 01 23 0.0 -99.9 -99.9
1997 01 24 0.0 -99.9 -99.9
1997 01 25 16.6 -99.9 -99.9
1997 01 26 8.0 -99.9 -99.9
1997 01 27 5.7 -99.9 -99.9
1997 01 28 0.0 -99.9 -99.9
1997 01 29 1.5 -99.9 -99.9
1997 01 30 1.3 -99.9 -99.9
1997 01 31 0.0 -99.9 -99.9
1997 02 01 0.0 -99.9 -99.9
1997 02 02 0.0 -99.9 -99.9
1997 02 03 0.0 -99.9 -99.9
1997 02 04 0.0 -99.9 -99.9
1997 02 05 7.2 -99.9 -99.9
1997 02 06 6.9 -99.9 -99.9
1997 02 07 1.4 -99.9 -99.9
1997 02 08 6.9 -99.9 -99.9
1997 02 09 5.9 -99.9 -99.9
1997 02 10 0.9 -99.9 -99.9
1997 02 11 8.4 -99.9 -99.9
1997 02 12 20.0 -99.9 -99.9
1997 02 13 0.0 -99.9 -99.9
1997 02 14 5.9 -99.9 -99.9
1997 02 15 7.2 -99.9 -99.9
1997 02 16 16.7 -99.9 -99.9
1997 02 17 18.0 -99.9 -99.9
1997 02 18 5.8 -99.9 -99.9
1997 02 19 2.3 -99.9 -99.9
1997 02 20 2.4 -99.9 -99.9
1997 02 21 7.6 -99.9 -99.9
1997 02 22 1.1 -99.9 -99.9
1997 02 23 5.5 -99.9 -99.9
1997 02 24 8.7 -99.9 -99.9
1997 02 25 21.4 -99.9 -99.9
1997 02 26 0.1 -99.9 -99.9
1997 02 27 0.0 -99.9 -99.9
1997 02 28 27.2 -99.9 -99.9
1997 03 01 2.7 -99.9 -99.9
1997 03 02 0.0 -99.9 -99.9
1997 03 03 0.0 -99.9 -99.9
1997 03 04 0.0 -99.9 -99.9
1997 03 05 0.0 -99.9 -99.9
1997 03 06 0.0 -99.9 -99.9
1997 03 07 9.4 -99.9 -99.9
1997 03 08 0.0 -99.9 -99.9
1997 03 09 2.4 -99.9 -99.9
1997 03 10 28.6 -99.9 -99.9
1997 03 11 13.9 -99.9 -99.9
1997 03 12 0.0 -99.9 -99.9
1997 03 13 0.0 -99.9 -99.9
1997 03 14 3.0 -99.9 -99.9
1997 03 15 3.5 -99.9 -99.9
1997 03 16 0.2 -99.9 -99.9
1997 03 17 0.0 -99.9 -99.9
1997 03 18 0.0 -99.9 -99.9
1997 03 19 0.0 -99.9 -99.9
1997 03 20 0.0 -99.9 -99.9
1997 03 21 0.0 -99.9 -99.9
1997 03 22 0.0 -99.9 -99.9
1997 03 23 0.0 -99.9 -99.9
1997 03 24 0.0 -99.9 -99.9
1997 03 25 0.0 -99.9 -99.9
1997 03 26 0.0 -99.9 -99.9
1997 03 27 0.0 -99.9 -99.9
1997 03 28 0.0 -99.9 -99.9
1997 03 29 0.0 -99.9 -99.9
1997 03 30 0.0 -99.9 -99.9
1997 03 31 0.0 -99.9 -99.9
1997 04 01 0.0 -99.9 -99.9
1997 04 02 0.0 -99.9 -99.9
1997 04 03 0.0 -99.9 -99.9
1997 04 04 0.0 -99.9 -99.9
1997 04 05 0.0 -99.9 -99.9
1997 04 06 0.0 -99.9 -99.9
1997 04 07 0.0 -99.9 -99.9
1997 04 08 0.0 -99.9 -99.9
1997 04 09 0.0 -99.9 -99.9
1997 04 10 0.0 -99.9 -99.9
1997 04 11 1.2 -99.9 -99.9
1997 04 12 4.3 -99.9 -99.9
1997 04 13 0.0 -99.9 -99.9
1997 04 14 0.0 -99.9 -99.9
1997 04 15 0.0 -99.9 -99.9
1997 04 16 0.0 -99.9 -99.9
1997 04 17 0.0 -99.9 -99.9
1997 04 18 0.0 -99.9 -99.9
1997 04 19 0.0 -99.9 -99.9
1997 04 20 0.0 -99.9 -99.9
1997 04 21 0.0 -99.9 -99.9
1997 04 22 0.0 -99.9 -99.9
1997 04 23 0.0 -99.9 -99.9
1997 04 24 1.9 -99.9 -99.9
1997 04 25 1.2 -99.9 -99.9
1997 04 26 22.5 -99.9 -99.9
1997 04 27 1.8 -99.9 -99.9
1997 04 28 0.0 -99.9 -99.9
1997 04 29 0.0 -99.9 -99.9
1997 04 30 0.0 -99.9 -99.9
1997 05 01 2.9 -99.9 -99.9
1997 05 02 4.5 -99.9 -99.9
1997 05 03 2.5 -99.9 -99.9
1997 05 04 2.5 -99.9 -99.9
1997 05 05 0.0 -99.9 -99.9
1997 05 06 0.0 -99.9 -99.9
1997 05 07 0.0 -99.9 -99.9
1997 05 08 0.0 -99.9 -99.9
1997 05 09 2.1 -99.9 -99.9
1997 05 10 0.0 -99.9 -99.9
1997 05 11 0.0 -99.9 -99.9
1997 05 12 0.0 -99.9 -99.9
1997 05 13 0.0 -99.9 -99.9
1997 05 14 0.0 -99.9 -99.9
1997 05 15 0.0 -99.9 -99.9
1997 05 16 0.0 -99.9 -99.9
1997 05 17 0.0 -99.9 -99.9
1997 05 18 0.0 -99.9 -99.9
1997 05 19 0.0 -99.9 -99.9
1997 05 20 0.0 -99.9 -99.9
1997 05 21 0.0 -99.9 -99.9
1997 05 22 0.0 -99.9 -99.9
1997 05 23 0.0 -99.9 -99.9
1997 05 24 0.0 -99.9 -99.9
1997 05 25 0.0 -99.9 -99.9
1997 05 26 0.0 -99.9 -99.9
1997 05 27 0.0 -99.9 -99.9
1997 05 28 0.0 -99.9 -99.9
1997 05 29 0.0 -99.9 -99.9
1997 05 30 0.0 -99.9 -99.9
1997 05 31 0.0 -99.9 -99.9
1997 06 01 0.0 -99.9 -99.9
1997 06 02 0.0 -99.9 -99.9
1997 06 03 0.0 -99.9 -99.9
1997 06 04 0.0 -99.9 -99.9
1997 06 05 0.0 -99.9 -99.9
1997 06 06 0.0 -99.9 -99.9
1997 06 07 0.0 -99.9 -99.9
1997 06 08 0.0 -99.9 -99.9
1997 06 09 0.0 -99.9 -99.9
1997 06 10 0.0 -99.9 -99.9
1997 06 11 0.0 -99.9 -99.9
1997 06 12 0.0 -99.9 -99.9
1997 06 13 0.0 -99.9 -99.9
1997 06 14 0.0 -99.9 -99.9
1997 06 15 0.0 -99.9 -99.9
1997 06 16 0.0 -99.9 -99.9
1997 06 17 0.0 -99.9 -99.9
1997 06 18 0.0 -99.9 -99.9
1997 06 19 0.0 -99.9 -99.9
1997 06 20 0.0 -99.9 -99.9
1997 06 21 0.0 -99.9 -99.9
1997 06 22 0.0 -99.9 -99.9
1997 06 23 0.0 -99.9 -99.9
1997 06 24 0.0 -99.9 -99.9
1997 06 25 0.0 -99.9 -99.9
1997 06 26 0.0 -99.9 -99.9
1997 06 27 0.0 -99.9 -99.9
1997 06 28 0.0 -99.9 -99.9
1997 06 29 0.0 -99.9 -99.9
1997 06 30 0.0 -99.9 -99.9
1997 07 01 0.0 -99.9 -99.9
1997 07 02 0.0 -99.9 -99.9
1997 07 03 0.0 -99.9 -99.9
1997 07 04 0.0 -99.9 -99.9
1997 07 05 0.0 -99.9 -99.9
1997 07 06 0.0 -99.9 -99.9
1997 07 07 0.0 -99.9 -99.9
1997 07 08 0.0 -99.9 -99.9
1997 07 09 0.0 -99.9 -99.9
1997 07 10 0.0 -99.9 -99.9
1997 07 11 0.0 -99.9 -99.9
1997 07 12 0.0 -99.9 -99.9
1997 07 13 0.0 -99.9 -99.9
1997 07 14 0.0 -99.9 -99.9
1997 07 15 0.0 -99.9 -99.9
1997 07 16 0.0 -99.9 -99.9
1997 07 17 0.0 -99.9 -99.9
1997 07 18 0.0 -99.9 -99.9
1997 07 19 0.0 -99.9 -99.9
1997 07 20 0.0 -99.9 -99.9
1997 07 21 0.0 -99.9 -99.9
1997 07 22 0.0 -99.9 -99.9
1997 07 23 0.0 -99.9 -99.9
1997 07 24 0.0 -99.9 -99.9
1997 07 25 0.0 -99.9 -99.9
1997 07 26 0.0 -99.9 -99.9
1997 07 27 0.0 -99.9 -99.9
1997 07 28 0.0 -99.9 -99.9
1997 07 29 0.0 -99.9 -99.9
1997 07 30 0.0 -99.9 -99.9
1997 07 31 0.0 -99.9 -99.9
1997 08 01 0.0 -99.9 -99.9
1997 08 02 0.0 -99.9 -99.9
1997 08 03 0.0 -99.9 -99.9
1997 08 04 0.0 -99.9 -99.9
1997 08 05 0.0 -99.9 -99.9
1997 08 06 0.0 -99.9 -99.9
1997 08 07 0.0 -99.9 -99.9
1997 08 08 0.0 -99.9 -99.9
1997 08 09 0.0 -99.9 -99.9
1997 08 10 0.0 -99.9 -99.9
1997 08 11 0.0 -99.9 -99.9
1997 08 12 0.0 -99.9 -99.9
1997 08 13 0.0 -99.9 -99.9
1997 08 14 0.0 -99.9 -99.9
1997 08 15 0.0 -99.9 -99.9
1997 08 16 0.0 -99.9 -99.9
1997 08 17 0.0 -99.9 -99.9
1997 08 18 0.0 -99.9 -99.9
1997 08 19 0.0 -99.9 -99.9
1997 08 20 0.0 -99.9 -99.9
1997 08 21 0.0 -99.9 -99.9
1997 08 22 0.0 -99.9 -99.9
1997 08 23 0.0 -99.9 -99.9
1997 08 24 0.0 -99.9 -99.9
1997 08 25 0.0 -99.9 -99.9
1997 08 26 0.0 -99.9 -99.9
1997 08 27 0.0 -99.9 -99.9
1997 08 28 0.0 -99.9 -99.9
1997 08 29 0.0 -99.9 -99.9
1997 08 30 0.0 -99.9 -99.9
1997 08 31 0.0 -99.9 -99.9
1997 09 01 0.0 -99.9 -99.9
1997 09 02 0.0 -99.9 -99.9
1997 09 03 0.0 -99.9 -99.9
1997 09 04 0.0 -99.9 -99.9
1997 09 05 0.0 -99.9 -99.9
1997 09 06 0.0 -99.9 -99.9
1997 09 07 0.0 -99.9 -99.9
1997 09 08 0.0 -99.9 -99.9
1997 09 09 0.0 -99.9 -99.9
1997 09 10 0.0 -99.9 -99.9
1997 09 11 0.5 -99.9 -99.9
1997 09 12 0.0 -99.9 -99.9
1997 09 13 0.0 -99.9 -99.9
1997 09 14 1.9 -99.9 -99.9
1997 09 15 0.0 -99.9 -99.9
1997 09 16 0.0 -99.9 -99.9
1997 09 17 0.0 -99.9 -99.9
1997 09 18 0.0 -99.9 -99.9
1997 09 19 22.8 -99.9 -99.9
1997 09 20 0.0 -99.9 -99.9
1997 09 21 0.0 -99.9 -99.9
1997 09 22 0.0 -99.9 -99.9
1997 09 23 0.0 -99.9 -99.9
1997 09 24 0.0 -99.9 -99.9
1997 09 25 0.0 -99.9 -99.9
1997 09 26 0.2 -99.9 -99.9
1997 09 27 0.3 -99.9 -99.9
1997 09 28 0.3 -99.9 -99.9
1997 09 29 0.2 -99.9 -99.9
1997 09 30 0.3 -99.9 -99.9
1997 10 01 0.0 -99.9 -99.9
1997 10 02 0.0 -99.9 -99.9
1997 10 03 0.0 -99.9 -99.9
1997 10 04 0.0 -99.9 -99.9
1997 10 05 10.5 -99.9 -99.9
1997 10 06 0.0 -99.9 -99.9
1997 10 07 0.0 -99.9 -99.9
1997 10 08 0.0 -99.9 -99.9
1997 10 09 2.6 -99.9 -99.9
1997 10 10 0.0 -99.9 -99.9
1997 10 11 0.0 -99.9 -99.9
1997 10 12 0.0 -99.9 -99.9
1997 10 13 0.0 -99.9 -99.9
1997 10 14 0.0 -99.9 -99.9
1997 10 15 0.0 -99.9 -99.9
1997 10 16 0.0 -99.9 -99.9
1997 10 17 0.0 -99.9 -99.9
1997 10 18 0.0 -99.9 -99.9
1997 10 19 0.0 -99.9 -99.9
1997 10 20 0.0 -99.9 -99.9
1997 10 21 0.0 -99.9 -99.9
1997 10 22 0.4 -99.9 -99.9
1997 10 23 0.8 -99.9 -99.9
1997 10 24 0.0 -99.9 -99.9
1997 10 25 10.1 -99.9 -99.9
1997 10 26 0.6 -99.9 -99.9
1997 10 27 0.0 -99.9 -99.9
1997 10 28 0.1 -99.9 -99.9
1997 10 29 0.5 -99.9 -99.9
1997 10 30 12.6 -99.9 -99.9
1997 10 31 5.8 -99.9 -99.9
1997 11 01 0.0 -99.9 -99.9
1997 11 02 1.7 -99.9 -99.9
1997 11 03 2.3 -99.9 -99.9
1997 11 04 10.0 -99.9 -99.9
1997 11 05 4.2 -99.9 -99.9
1997 11 06 1.5 -99.9 -99.9
1997 11 07 0.5 -99.9 -99.9
1997 11 08 0.0 -99.9 -99.9
1997 11 09 18.5 -99.9 -99.9
1997 11 10 0.0 -99.9 -99.9
1997 11 11 3.4 -99.9 -99.9
1997 11 12 0.0 -99.9 -99.9
1997 11 13 0.0 -99.9 -99.9
1997 11 14 0.0 -99.9 -99.9
1997 11 15 0.0 -99.9 -99.9
1997 11 16 0.0 -99.9 -99.9
1997 11 17 0.0 -99.9 -99.9
1997 11 18 0.0 -99.9 -99.9
1997 11 19 0.0 -99.9 -99.9
1997 11 20 0.8 -99.9 -99.9
1997 11 21 0.0 -99.9 -99.9
1997 11 22 5.8 -99.9 -99.9
1997 11 23 8.3 -99.9 -99.9
1997 11 24 0.0 -99.9 -99.9
1997 11 25 0.4 -99.9 -99.9
1997 11 26 4.9 -99.9 -99.9
1997 11 27 8.1 -99.9 -99.9
1997 11 28 2.0 -99.9 -99.9
1997 11 29 0.9 -99.9 -99.9
1997 11 30 10.3 -99.9 -99.9
1997 12 01 21.0 -99.9 -99.9
1997 12 02 7.1 -99.9 -99.9
1997 12 03 8.8 -99.9 -99.9
1997 12 04 4.1 -99.9 -99.9
1997 12 05 3.0 -99.9 -99.9
1997 12 06 3.0 -99.9 -99.9
1997 12 07 2.3 -99.9 -99.9
1997 12 08 52.5 -99.9 -99.9
1997 12 09 6.5 -99.9 -99.9
1997 12 10 3.9 -99.9 -99.9
1997 12 11 4.8 -99.9 -99.9
1997 12 12 9.9 -99.9 -99.9
1997 12 13 3.4 -99.9 -99.9
1997 12 14 0.0 -99.9 -99.9
1997 12 15 0.0 -99.9 -99.9
1997 12 16 8.6 -99.9 -99.9
1997 12 17 7.6 -99.9 -99.9
1997 12 18 4.0 -99.9 -99.9
1997 12 19 11.3 -99.9 -99.9
1997 12 20 0.0 -99.9 -99.9
1997 12 21 1.5 -99.9 -99.9
1997 12 22 0.0 -99.9 -99.9
1997 12 23 0.0 -99.9 -99.9
1997 12 24 0.0 -99.9 -99.9
1997 12 25 7.3 -99.9 -99.9
1997 12 26 26.5 -99.9 -99.9
1997 12 27 11.5 -99.9 -99.9
1997 12 28 0.9 -99.9 -99.9
1997 12 29 2.0 -99.9 -99.9
1997 12 30 0.0 -99.9 -99.9
1997 12 31 2.2 -99.9 -99.9
1998 01 01 0.2 -99.9 -99.9
1998 01 02 0.0 -99.9 -99.9
1998 01 03 0.0 -99.9 -99.9
1998 01 04 4.2 -99.9 -99.9
1998 01 05 6.8 -99.9 -99.9
1998 01 06 0.8 -99.9 -99.9
1998 01 07 6.1 -99.9 -99.9
1998 01 08 9.7 -99.9 -99.9
1998 01 09 0.0 -99.9 -99.9
1998 01 10 0.0 -99.9 -99.9
1998 01 11 0.0 -99.9 -99.9
1998 01 12 10.5 -99.9 -99.9
1998 01 13 20.0 -99.9 -99.9
1998 01 14 3.0 -99.9 -99.9
1998 01 15 1.5 -99.9 -99.9
1998 01 16 4.9 -99.9 -99.9
1998 01 17 0.0 -99.9 -99.9
1998 01 18 0.0 -99.9 -99.9
1998 01 19 0.0 -99.9 -99.9
1998 01 20 0.0 -99.9 -99.9
1998 01 21 14.6 -99.9 -99.9
1998 01 22 12.3 -99.9 -99.9
1998 01 23 4.6 -99.9 -99.9
1998 01 24 21.2 -99.9 -99.9
1998 01 25 8.8 -99.9 -99.9
1998 01 26 14.7 -99.9 -99.9
1998 01 27 1.6 -99.9 -99.9
1998 01 28 19.5 -99.9 -99.9
1998 01 29 4.1 -99.9 -99.9
1998 01 30 18.8 -99.9 -99.9
1998 01 31 0.0 -99.9 -99.9
1998 02 01 10.9 -99.9 -99.9
1998 02 02 8.5 -99.9 -99.9
1998 02 03 5.0 -99.9 -99.9
1998 02 04 1.5 -99.9 -99.9
1998 02 05 5.5 -99.9 -99.9
1998 02 06 11.0 -99.9 -99.9
1998 02 07 11.0 -99.9 -99.9
1998 02 08 0.0 -99.9 -99.9
1998 02 09 4.1 -99.9 -99.9
1998 02 10 15.0 -99.9 -99.9
1998 02 11 0.5 -99.9 -99.9
1998 02 12 4.9 -99.9 -99.9
1998 02 13 4.0 -99.9 -99.9
1998 02 14 0.2 -99.9 -99.9
1998 02 15 6.2 -99.9 -99.9
1998 02 16 0.0 -99.9 -99.9
1998 02 17 14.3 -99.9 -99.9
1998 02 18 12.7 -99.9 -99.9
1998 02 19 0.0 -99.9 -99.9
1998 02 20 0.0 -99.9 -99.9
1998 02 21 0.0 -99.9 -99.9
1998 02 22 5.0 -99.9 -99.9
1998 02 23 10.3 -99.9 -99.9
1998 02 24 27.5 -99.9 -99.9
1998 02 25 29.9 -99.9 -99.9
1998 02 26 10.7 -99.9 -99.9
1998 02 27 14.8 -99.9 -99.9
1998 02 28 0.3 -99.9 -99.9
1998 03 01 0.0 -99.9 -99.9
1998 03 02 3.3 -99.9 -99.9
1998 03 03 0.0 -99.9 -99.9
1998 03 04 47.4 -99.9 -99.9
1998 03 05 0.0 -99.9 -99.9
1998 03 06 5.4 -99.9 -99.9
1998 03 07 0.0 -99.9 -99.9
1998 03 08 0.0 -99.9 -99.9
1998 03 09 24.0 -99.9 -99.9
1998 03 10 0.0 -99.9 -99.9
1998 03 11 15.0 -99.9 -99.9
1998 03 12 0.0 -99.9 -99.9
1998 03 13 6.5 -99.9 -99.9
1998 03 14 12.8 -99.9 -99.9
1998 03 15 1.6 -99.9 -99.9
1998 03 16 17.5 -99.9 -99.9
1998 03 17 4.5 -99.9 -99.9
1998 03 18 2.0 -99.9 -99.9
1998 03 19 2.2 -99.9 -99.9
1998 03 20 0.0 -99.9 -99.9
1998 03 21 4.9 -99.9 -99.9
1998 03 22 12.0 -99.9 -99.9
1998 03 23 0.0 -99.9 -99.9
1998 03 24 0.0 -99.9 -99.9
1998 03 25 0.0 -99.9 -99.9
1998 03 26 7.0 -99.9 -99.9
1998 03 27 2.5 -99.9 -99.9
1998 03 28 5.3 -99.9 -99.9
1998 03 29 6.2 -99.9 -99.9
1998 03 30 3.0 -99.9 -99.9
1998 03 31 3.1 -99.9 -99.9
1998 04 01 6.1 -99.9 -99.9
1998 04 02 1.5 -99.9 -99.9
1998 04 03 2.0 -99.9 -99.9
1998 04 04 0.0 -99.9 -99.9
1998 04 05 16.5 -99.9 -99.9
1998 04 06 8.5 -99.9 -99.9
1998 04 07 13.0 -99.9 -99.9
1998 04 08 4.6 -99.9 -99.9
1998 04 09 11.5 -99.9 -99.9
1998 04 10 10.3 -99.9 -99.9
1998 04 11 0.4 -99.9 -99.9
1998 04 12 4.2 -99.9 -99.9
1998 04 13 9.8 -99.9 -99.9
1998 04 14 8.7 -99.9 -99.9
1998 04 15 7.6 -99.9 -99.9
1998 04 16 0.0 -99.9 -99.9
1998 04 17 2.0 -99.9 -99.9
1998 04 18 4.7 -99.9 -99.9
1998 04 19 1.3 -99.9 -99.9
1998 04 20 0.0 -99.9 -99.9
1998 04 21 0.0 -99.9 -99.9
1998 04 22 0.0 -99.9 -99.9
1998 04 23 3.0 -99.9 -99.9
1998 04 24 0.0 -99.9 -99.9
1998 04 25 5.1 -99.9 -99.9
1998 04 26 0.0 -99.9 -99.9
1998 04 27 0.0 -99.9 -99.9
1998 04 28 0.6 -99.9 -99.9
1998 04 29 0.8 -99.9 -99.9
1998 04 30 0.0 -99.9 -99.9
1998 05 01 0.0 -99.9 -99.9
1998 05 02 0.0 -99.9 -99.9
1998 05 03 0.0 -99.9 -99.9
1998 05 04 0.0 -99.9 -99.9
1998 05 05 0.0 -99.9 -99.9
1998 05 06 0.0 -99.9 -99.9
1998 05 07 0.0 -99.9 -99.9
1998 05 08 0.0 -99.9 -99.9
1998 05 09 0.0 -99.9 -99.9
1998 05 10 0.0 -99.9 -99.9
1998 05 11 0.0 -99.9 -99.9
1998 05 12 0.0 -99.9 -99.9
1998 05 13 0.0 -99.9 -99.9
1998 05 14 0.0 -99.9 -99.9
1998 05 15 0.0 -99.9 -99.9
1998 05 16 0.0 -99.9 -99.9
1998 05 17 0.0 -99.9 -99.9
1998 05 18 0.0 -99.9 -99.9
1998 05 19 0.0 -99.9 -99.9
1998 05 20 0.0 -99.9 -99.9
1998 05 21 0.0 -99.9 -99.9
1998 05 22 0.0 -99.9 -99.9
1998 05 23 0.0 -99.9 -99.9
1998 05 24 0.0 -99.9 -99.9
1998 05 25 0.0 -99.9 -99.9
1998 05 26 0.0 -99.9 -99.9
1998 05 27 0.0 -99.9 -99.9
1998 05 28 0.0 -99.9 -99.9
1998 05 29 0.0 -99.9 -99.9
1998 05 30 0.0 -99.9 -99.9
1998 05 31 0.0 -99.9 -99.9
1998 06 01 2.5 -99.9 -99.9
1998 06 02 10.2 -99.9 -99.9
1998 06 03 0.0 -99.9 -99.9
1998 06 04 0.0 -99.9 -99.9
1998 06 05 0.0 -99.9 -99.9
1998 06 06 0.0 -99.9 -99.9
1998 06 07 0.0 -99.9 -99.9
1998 06 08 0.0 -99.9 -99.9
1998 06 09 0.0 -99.9 -99.9
1998 06 10 0.0 -99.9 -99.9
1998 06 11 0.0 -99.9 -99.9
1998 06 12 0.0 -99.9 -99.9
1998 06 13 0.0 -99.9 -99.9
1998 06 14 0.0 -99.9 -99.9
1998 06 15 0.0 -99.9 -99.9
1998 06 16 0.0 -99.9 -99.9
1998 06 17 0.0 -99.9 -99.9
1998 06 18 0.0 -99.9 -99.9
1998 06 19 0.0 -99.9 -99.9
1998 06 20 0.0 -99.9 -99.9
1998 06 21 0.0 -99.9 -99.9
1998 06 22 0.0 -99.9 -99.9
1998 06 23 0.0 -99.9 -99.9
1998 06 24 0.0 -99.9 -99.9
1998 06 25 0.0 -99.9 -99.9
1998 06 26 0.0 -99.9 -99.9
1998 06 27 0.0 -99.9 -99.9
1998 06 28 0.0 -99.9 -99.9
1998 06 29 0.0 -99.9 -99.9
1998 06 30 0.0 -99.9 -99.9
1998 07 01 0.0 -99.9 -99.9
1998 07 02 0.0 -99.9 -99.9
1998 07 03 0.0 -99.9 -99.9
1998 07 04 0.0 -99.9 -99.9
1998 07 05 0.0 -99.9 -99.9
1998 07 06 0.0 -99.9 -99.9
1998 07 07 0.0 -99.9 -99.9
1998 07 08 0.0 -99.9 -99.9
1998 07 09 0.0 -99.9 -99.9
1998 07 10 0.0 -99.9 -99.9
1998 07 11 0.0 -99.9 -99.9
1998 07 12 0.0 -99.9 -99.9
1998 07 13 0.0 -99.9 -99.9
1998 07 14 0.0 -99.9 -99.9
1998 07 15 0.0 -99.9 -99.9
1998 07 16 0.0 -99.9 -99.9
1998 07 17 0.0 -99.9 -99.9
1998 07 18 0.0 -99.9 -99.9
1998 07 19 0.0 -99.9 -99.9
1998 07 20 0.0 -99.9 -99.9
1998 07 21 0.0 -99.9 -99.9
1998 07 22 0.0 -99.9 -99.9
1998 07 23 0.0 -99.9 -99.9
1998 07 24 0.0 -99.9 -99.9
1998 07 25 0.0 -99.9 -99.9
1998 07 26 0.0 -99.9 -99.9
1998 07 27 0.0 -99.9 -99.9
1998 07 28 0.0 -99.9 -99.9
1998 07 29 0.0 -99.9 -99.9
1998 07 30 0.0 -99.9 -99.9
1998 07 31 0.0 -99.9 -99.9
1998 08 01 0.0 -99.9 -99.9
1998 08 02 0.0 -99.9 -99.9
1998 08 03 0.0 -99.9 -99.9
1998 08 04 0.0 -99.9 -99.9
1998 08 05 0.0 -99.9 -99.9
1998 08 06 0.0 -99.9 -99.9
1998 08 07 0.0 -99.9 -99.9
1998 08 08 0.0 -99.9 -99.9
1998 08 09 0.0 -99.9 -99.9
1998 08 10 0.0 -99.9 -99.9
1998 08 11 0.0 -99.9 -99.9
1998 08 12 0.0 -99.9 -99.9
1998 08 13 0.0 -99.9 -99.9
1998 08 14 0.0 -99.9 -99.9
1998 08 15 0.0 -99.9 -99.9
1998 08 16 0.0 -99.9 -99.9
1998 08 17 0.0 -99.9 -99.9
1998 08 18 0.0 -99.9 -99.9
1998 08 19 0.0 -99.9 -99.9
1998 08 20 0.0 -99.9 -99.9
1998 08 21 0.0 -99.9 -99.9
1998 08 22 0.0 -99.9 -99.9
1998 08 23 0.0 -99.9 -99.9
1998 08 24 0.0 -99.9 -99.9
1998 08 25 0.0 -99.9 -99.9
1998 08 26 0.0 -99.9 -99.9
1998 08 27 0.0 -99.9 -99.9
1998 08 28 0.0 -99.9 -99.9
1998 08 29 0.0 -99.9 -99.9
1998 08 30 0.0 -99.9 -99.9
1998 08 31 0.0 -99.9 -99.9
1998 09 01 0.0 -99.9 -99.9
1998 09 02 0.0 -99.9 -99.9
1998 09 03 0.0 -99.9 -99.9
1998 09 04 0.0 -99.9 -99.9
1998 09 05 0.0 -99.9 -99.9
1998 09 06 0.0 -99.9 -99.9
1998 09 07 0.0 -99.9 -99.9
1998 09 08 0.0 -99.9 -99.9
1998 09 09 0.0 -99.9 -99.9
1998 09 10 0.1 -99.9 -99.9
1998 09 11 3.4 -99.9 -99.9
1998 09 12 0.0 -99.9 -99.9
1998 09 13 0.0 -99.9 -99.9
1998 09 14 0.0 -99.9 -99.9
1998 09 15 0.0 -99.9 -99.9
1998 09 16 0.0 -99.9 -99.9
1998 09 17 0.0 -99.9 -99.9
1998 09 18 7.4 -99.9 -99.9
1998 09 19 0.0 -99.9 -99.9
1998 09 20 0.0 -99.9 -99.9
1998 09 21 1.6 -99.9 -99.9
1998 09 22 7.0 -99.9 -99.9
1998 09 23 5.0 -99.9 -99.9
1998 09 24 0.0 -99.9 -99.9
1998 09 25 0.0 -99.9 -99.9
1998 09 26 0.0 -99.9 -99.9
1998 09 27 0.0 -99.9 -99.9
1998 09 28 0.0 -99.9 -99.9
1998 09 29 10.2 -99.9 -99.9
1998 09 30 0.0 -99.9 -99.9
1998 10 01 0.0 -99.9 -99.9
1998 10 02 0.0 -99.9 -99.9
1998 10 03 5.0 -99.9 -99.9
1998 10 04 0.0 -99.9 -99.9
1998 10 05 0.0 -99.9 -99.9
1998 10 06 0.0 -99.9 -99.9
1998 10 07 2.1 -99.9 -99.9
1998 10 08 0.0 -99.9 -99.9
1998 10 09 0.0 -99.9 -99.9
1998 10 10 0.0 -99.9 -99.9
1998 10 11 18.6 -99.9 -99.9
1998 10 12 12.0 -99.9 -99.9
1998 10 13 3.5 -99.9 -99.9
1998 10 14 0.0 -99.9 -99.9
1998 10 15 0.0 -99.9 -99.9
1998 10 16 5.6 -99.9 -99.9
1998 10 17 5.2 -99.9 -99.9
1998 10 18 0.0 -99.9 -99.9
1998 10 19 0.0 -99.9 -99.9
1998 10 20 1.4 -99.9 -99.9
1998 10 21 8.5 -99.9 -99.9
1998 10 22 8.1 -99.9 -99.9
1998 10 23 5.2 -99.9 -99.9
1998 10 24 6.0 -99.9 -99.9
1998 10 25 16.3 -99.9 -99.9
1998 10 26 0.0 -99.9 -99.9
1998 10 27 0.0 -99.9 -99.9
1998 10 28 0.0 -99.9 -99.9
1998 10 29 12.5 -99.9 -99.9
1998 10 30 2.7 -99.9 -99.9
1998 10 31 0.0 -99.9 -99.9
1998 11 01 0.0 -99.9 -99.9
1998 11 02 0.0 -99.9 -99.9
1998 11 03 0.0 -99.9 -99.9
1998 11 04 0.0 -99.9 -99.9
1998 11 05 0.0 -99.9 -99.9
1998 11 06 0.0 -99.9 -99.9
1998 11 07 0.0 -99.9 -99.9
1998 11 08 0.0 -99.9 -99.9
1998 11 09 0.0 -99.9 -99.9
1998 11 10 0.0 -99.9 -99.9
1998 11 11 3.8 -99.9 -99.9
1998 11 12 8.9 -99.9 -99.9
1998 11 13 23.5 -99.9 -99.9
1998 11 14 2.0 -99.9 -99.9
1998 11 15 2.0 -99.9 -99.9
1998 11 16 9.0 -99.9 -99.9
1998 11 17 6.7 -99.9 -99.9
1998 11 18 0.0 -99.9 -99.9
1998 11 19 0.0 -99.9 -99.9
1998 11 20 0.0 -99.9 -99.9
1998 11 21 0.0 -99.9 -99.9
1998 11 22 0.0 -99.9 -99.9
1998 11 23 0.0 -99.9 -99.9
1998 11 24 0.0 -99.9 -99.9
1998 11 25 0.0 -99.9 -99.9
1998 11 26 0.0 -99.9 -99.9
1998 11 27 0.0 -99.9 -99.9
1998 11 28 0.0 -99.9 -99.9
1998 11 29 0.0 -99.9 -99.9
1998 11 30 0.0 -99.9 -99.9
1998 12 01 0.0 -99.9 -99.9
1998 12 02 0.0 -99.9 -99.9
1998 12 03 0.0 -99.9 -99.9
1998 12 04 0.0 -99.9 -99.9
1998 12 05 0.0 -99.9 -99.9
1998 12 06 0.0 -99.9 -99.9
1998 12 07 0.0 -99.9 -99.9
1998 12 08 0.0 -99.9 -99.9
1998 12 09 0.0 -99.9 -99.9
1998 12 10 0.0 -99.9 -99.9
1998 12 11 0.0 -99.9 -99.9
1998 12 12 2.1 -99.9 -99.9
1998 12 13 12.6 -99.9 -99.9
1998 12 14 4.3 -99.9 -99.9
1998 12 15 5.7 -99.9 -99.9
1998 12 16 0.0 -99.9 -99.9
1998 12 17 4.1 -99.9 -99.9
1998 12 18 1.9 -99.9 -99.9
1998 12 19 0.0 -99.9 -99.9
1998 12 20 0.0 -99.9 -99.9
1998 12 21 0.0 -99.9 -99.9
1998 12 22 0.0 -99.9 -99.9
1998 12 23 0.0 -99.9 -99.9
1998 12 24 0.0 -99.9 -99.9
1998 12 25 0.0 -99.9 -99.9
1998 12 26 3.1 -99.9 -99.9
1998 12 27 5.5 -99.9 -99.9
1998 12 28 2.5 -99.9 -99.9
1998 12 29 0.5 -99.9 -99.9
1998 12 30 5.0 -99.9 -99.9
1998 12 31 0.7 -99.9 -99.9
1999 01 01 0.0 -99.9 -99.9
1999 01 02 0.0 -99.9 -99.9
1999 01 03 0.0 -99.9 -99.9
1999 01 04 0.0 -99.9 -99.9
1999 01 05 0.0 -99.9 -99.9
1999 01 06 0.0 -99.9 -99.9
1999 01 07 0.0 -99.9 -99.9
1999 01 08 0.0 -99.9 -99.9
1999 01 09 0.0 -99.9 -99.9
1999 01 10 0.0 -99.9 -99.9
1999 01 11 0.0 -99.9 -99.9
1999 01 12 7.8 -99.9 -99.9
1999 01 13 18.0 -99.9 -99.9
1999 01 14 1.2 -99.9 -99.9
1999 01 15 2.1 -99.9 -99.9
1999 01 16 0.1 -99.9 -99.9
1999 01 17 4.2 -99.9 -99.9
1999 01 18 2.3 -99.9 -99.9
1999 01 19 8.6 -99.9 -99.9
1999 01 20 2.6 -99.9 -99.9
1999 01 21 8.5 -99.9 -99.9
1999 01 22 0.0 -99.9 -99.9
1999 01 23 15.4 -99.9 -99.9
1999 01 24 15.2 -99.9 -99.9
1999 01 25 8.4 -99.9 -99.9
1999 01 26 3.5 -99.9 -99.9
1999 01 27 1.5 -99.9 -99.9
1999 01 28 2.0 -99.9 -99.9
1999 01 29 6.0 -99.9 -99.9
1999 01 30 1.5 -99.9 -99.9
1999 01 31 2.9 -99.9 -99.9
1999 02 01 2.9 -99.9 -99.9
1999 02 02 3.1 -99.9 -99.9
1999 02 03 2.1 -99.9 -99.9
1999 02 04 9.0 -99.9 -99.9
1999 02 05 7.6 -99.9 -99.9
1999 02 06 2.2 -99.9 -99.9
1999 02 07 0.0 -99.9 -99.9
1999 02 08 1.0 -99.9 -99.9
1999 02 09 0.0 -99.9 -99.9
1999 02 10 10.4 -99.9 -99.9
1999 02 11 11.3 -99.9 -99.9
1999 02 12 7.9 -99.9 -99.9
1999 02 13 12.2 -99.9 -99.9
1999 02 14 7.3 -99.9 -99.9
1999 02 15 8.8 -99.9 -99.9
1999 02 16 13.8 -99.9 -99.9
1999 02 17 3.5 -99.9 -99.9
1999 02 18 9.0 -99.9 -99.9
1999 02 19 28.8 -99.9 -99.9
1999 02 20 29.0 -99.9 -99.9
1999 02 21 27.0 -99.9 -99.9
1999 02 22 13.4 -99.9 -99.9
1999 02 23 3.0 -99.9 -99.9
1999 02 24 7.9 -99.9 -99.9
1999 02 25 2.0 -99.9 -99.9
1999 02 26 12.3 -99.9 -99.9
1999 02 27 1.2 -99.9 -99.9
1999 02 28 9.0 -99.9 -99.9
1999 03 01 0.0 -99.9 -99.9
1999 03 02 0.5 -99.9 -99.9
1999 03 03 0.0 -99.9 -99.9
1999 03 04 0.0 -99.9 -99.9
1999 03 05 0.0 -99.9 -99.9
1999 03 06 0.0 -99.9 -99.9
1999 03 07 0.0 -99.9 -99.9
1999 03 08 0.0 -99.9 -99.9
1999 03 09 0.0 -99.9 -99.9
1999 03 10 0.0 -99.9 -99.9
1999 03 11 0.0 -99.9 -99.9
1999 03 12 4.0 -99.9 -99.9
1999 03 13 3.0 -99.9 -99.9
1999 03 14 43.0 -99.9 -99.9
1999 03 15 9.5 -99.9 -99.9
1999 03 16 5.3 -99.9 -99.9
1999 03 17 1.9 -99.9 -99.9
1999 03 18 8.5 -99.9 -99.9
1999 03 19 0.0 -99.9 -99.9
1999 03 20 11.3 -99.9 -99.9
1999 03 21 1.2 -99.9 -99.9
1999 03 22 0.0 -99.9 -99.9
1999 03 23 3.3 -99.9 -99.9
1999 03 24 0.0 -99.9 -99.9
1999 03 25 0.0 -99.9 -99.9
1999 03 26 29.6 -99.9 -99.9
1999 03 27 0.0 -99.9 -99.9
1999 03 28 0.0 -99.9 -99.9
1999 03 29 0.0 -99.9 -99.9
1999 03 30 0.0 -99.9 -99.9
1999 03 31 2.9 -99.9 -99.9
1999 04 01 3.5 -99.9 -99.9
1999 04 02 2.8 -99.9 -99.9
1999 04 03 21.2 -99.9 -99.9
1999 04 04 0.0 -99.9 -99.9
1999 04 05 14.5 -99.9 -99.9
1999 04 06 7.9 -99.9 -99.9
1999 04 07 1.2 -99.9 -99.9
1999 04 08 1.7 -99.9 -99.9
1999 04 09 2.1 -99.9 -99.9
1999 04 10 1.2 -99.9 -99.9
1999 04 11 6.5 -99.9 -99.9
1999 04 12 0.5 -99.9 -99.9
1999 04 13 0.0 -99.9 -99.9
1999 04 14 4.6 -99.9 -99.9
1999 04 15 0.6 -99.9 -99.9
1999 04 16 1.2 -99.9 -99.9
1999 04 17 0.0 -99.9 -99.9
1999 04 18 0.3 -99.9 -99.9
1999 04 19 1.7 -99.9 -99.9
1999 04 20 0.0 -99.9 -99.9
1999 04 21 0.0 -99.9 -99.9
1999 04 22 0.0 -99.9 -99.9
1999 04 23 2.8 -99.9 -99.9
1999 04 24 0.4 -99.9 -99.9
1999 04 25 4.6 -99.9 -99.9
1999 04 26 0.0 -99.9 -99.9
1999 04 27 0.0 -99.9 -99.9
1999 04 28 0.0 -99.9 -99.9
1999 04 29 0.0 -99.9 -99.9
1999 04 30 2.5 -99.9 -99.9
1999 05 01 1.3 -99.9 -99.9
1999 05 02 3.3 -99.9 -99.9
1999 05 03 2.0 -99.9 -99.9
1999 05 04 1.2 -99.9 -99.9
1999 05 05 7.5 -99.9 -99.9
1999 05 06 9.9 -99.9 -99.9
1999 05 07 1.2 -99.9 -99.9
1999 05 08 0.0 -99.9 -99.9
1999 05 09 0.0 -99.9 -99.9
1999 05 10 0.0 -99.9 -99.9
1999 05 11 0.0 -99.9 -99.9
1999 05 12 0.0 -99.9 -99.9
1999 05 13 5.6 -99.9 -99.9
1999 05 14 0.0 -99.9 -99.9
1999 05 15 1.2 -99.9 -99.9
1999 05 16 3.3 -99.9 -99.9
1999 05 17 0.5 -99.9 -99.9
1999 05 18 2.5 -99.9 -99.9
1999 05 19 0.0 -99.9 -99.9
1999 05 20 0.0 -99.9 -99.9
1999 05 21 0.0 -99.9 -99.9
1999 05 22 0.0 -99.9 -99.9
1999 05 23 0.0 -99.9 -99.9
1999 05 24 7.1 -99.9 -99.9
1999 05 25 0.0 -99.9 -99.9
1999 05 26 0.0 -99.9 -99.9
1999 05 27 0.0 -99.9 -99.9
1999 05 28 0.0 -99.9 -99.9
1999 05 29 0.0 -99.9 -99.9
1999 05 30 0.0 -99.9 -99.9
1999 05 31 0.0 -99.9 -99.9
1999 06 01 0.0 -99.9 -99.9
1999 06 02 0.0 -99.9 -99.9
1999 06 03 0.0 -99.9 -99.9
1999 06 04 4.8 -99.9 -99.9
1999 06 05 0.3 -99.9 -99.9
1999 06 06 0.0 -99.9 -99.9
1999 06 07 0.0 -99.9 -99.9
1999 06 08 0.0 -99.9 -99.9
1999 06 09 0.0 -99.9 -99.9
1999 06 10 0.0 -99.9 -99.9
1999 06 11 0.0 -99.9 -99.9
1999 06 12 0.0 -99.9 -99.9
1999 06 13 0.0 -99.9 -99.9
1999 06 14 0.0 -99.9 -99.9
1999 06 15 0.0 -99.9 -99.9
1999 06 16 0.0 -99.9 -99.9
1999 06 17 0.0 -99.9 -99.9
1999 06 18 0.0 -99.9 -99.9
1999 06 19 0.0 -99.9 -99.9
1999 06 20 0.0 -99.9 -99.9
1999 06 21 3.4 -99.9 -99.9
1999 06 22 0.4 -99.9 -99.9
1999 06 23 0.2 -99.9 -99.9
1999 06 24 0.4 -99.9 -99.9
1999 06 25 10.8 -99.9 -99.9
1999 06 26 0.0 -99.9 -99.9
1999 06 27 0.0 -99.9 -99.9
1999 06 28 0.0 -99.9 -99.9
1999 06 29 0.0 -99.9 -99.9
1999 06 30 0.0 -99.9 -99.9
1999 07 01 0.0 -99.9 -99.9
1999 07 02 0.0 -99.9 -99.9
1999 07 03 0.0 -99.9 -99.9
1999 07 04 0.0 -99.9 -99.9
1999 07 05 0.0 -99.9 -99.9
1999 07 06 0.0 -99.9 -99.9
1999 07 07 0.0 -99.9 -99.9
1999 07 08 0.0 -99.9 -99.9
1999 07 09 0.0 -99.9 -99.9
1999 07 10 0.0 -99.9 -99.9
1999 07 11 0.0 -99.9 -99.9
1999 07 12 0.0 -99.9 -99.9
1999 07 13 0.0 -99.9 -99.9
1999 07 14 0.0 -99.9 -99.9
1999 07 15 0.0 -99.9 -99.9
1999 07 16 0.0 -99.9 -99.9
1999 07 17 0.0 -99.9 -99.9
1999 07 18 0.0 -99.9 -99.9
1999 07 19 0.0 -99.9 -99.9
1999 07 20 0.0 -99.9 -99.9
1999 07 21 0.0 -99.9 -99.9
1999 07 22 0.0 -99.9 -99.9
1999 07 23 0.0 -99.9 -99.9
1999 07 24 0.0 -99.9 -99.9
1999 07 25 0.0 -99.9 -99.9
1999 07 26 0.0 -99.9 -99.9
1999 07 27 0.0 -99.9 -99.9
1999 07 28 0.0 -99.9 -99.9
1999 07 29 0.0 -99.9 -99.9
1999 07 30 0.0 -99.9 -99.9
1999 07 31 0.0 -99.9 -99.9
1999 08 01 0.0 -99.9 -99.9
1999 08 02 0.0 -99.9 -99.9
1999 08 03 0.0 -99.9 -99.9
1999 08 04 0.0 -99.9 -99.9
1999 08 05 0.0 -99.9 -99.9
1999 08 06 0.0 -99.9 -99.9
1999 08 07 0.0 -99.9 -99.9
1999 08 08 0.0 -99.9 -99.9
1999 08 09 0.0 -99.9 -99.9
1999 08 10 0.0 -99.9 -99.9
1999 08 11 0.0 -99.9 -99.9
1999 08 12 0.0 -99.9 -99.9
1999 08 13 0.0 -99.9 -99.9
1999 08 14 0.0 -99.9 -99.9
1999 08 15 0.0 -99.9 -99.9
1999 08 16 0.0 -99.9 -99.9
1999 08 17 0.0 -99.9 -99.9
1999 08 18 0.0 -99.9 -99.9
1999 08 19 0.0 -99.9 -99.9
1999 08 20 0.0 -99.9 -99.9
1999 08 21 0.0 -99.9 -99.9
1999 08 22 0.0 -99.9 -99.9
1999 08 23 0.0 -99.9 -99.9
1999 08 24 0.0 -99.9 -99.9
1999 08 25 0.0 -99.9 -99.9
1999 08 26 0.0 -99.9 -99.9
1999 08 27 0.0 -99.9 -99.9
1999 08 28 0.0 -99.9 -99.9
1999 08 29 0.0 -99.9 -99.9
1999 08 30 0.2 -99.9 -99.9
1999 08 31 0.0 -99.9 -99.9
1999 09 01 0.0 -99.9 -99.9
1999 09 02 1.0 -99.9 -99.9
1999 09 03 0.0 -99.9 -99.9
1999 09 04 0.0 -99.9 -99.9
1999 09 05 0.0 -99.9 -99.9
1999 09 06 0.0 -99.9 -99.9
1999 09 07 4.5 -99.9 -99.9
1999 09 08 2.6 -99.9 -99.9
1999 09 09 6.6 -99.9 -99.9
1999 09 10 3.6 -99.9 -99.9
1999 09 11 2.5 -99.9 -99.9
1999 09 12 0.0 -99.9 -99.9
1999 09 13 0.0 -99.9 -99.9
1999 09 14 0.0 -99.9 -99.9
1999 09 15 0.0 -99.9 -99.9
1999 09 16 3.0 -99.9 -99.9
1999 09 17 2.6 -99.9 -99.9
1999 09 18 2.5 -99.9 -99.9
1999 09 19 3.0 -99.9 -99.9
1999 09 20 0.0 -99.9 -99.9
1999 09 21 0.0 -99.9 -99.9
1999 09 22 0.0 -99.9 -99.9
1999 09 23 0.1 -99.9 -99.9
1999 09 24 4.6 -99.9 -99.9
1999 09 25 3.5 -99.9 -99.9
1999 09 26 5.8 -99.9 -99.9
1999 09 27 5.3 -99.9 -99.9
1999 09 28 0.5 -99.9 -99.9
1999 09 29 1.3 -99.9 -99.9
1999 09 30 11.5 -99.9 -99.9
1999 10 01 1.5 -99.9 -99.9
1999 10 02 2.6 -99.9 -99.9
1999 10 03 0.3 -99.9 -99.9
1999 10 04 0.9 -99.9 -99.9
1999 10 05 0.1 -99.9 -99.9
1999 10 06 0.1 -99.9 -99.9
1999 10 07 1.0 -99.9 -99.9
1999 10 08 0.0 -99.9 -99.9
1999 10 09 0.0 -99.9 -99.9
1999 10 10 1.0 -99.9 -99.9
1999 10 11 0.0 -99.9 -99.9
1999 10 12 0.0 -99.9 -99.9
1999 10 13 0.0 -99.9 -99.9
1999 10 14 0.0 -99.9 -99.9
1999 10 15 0.0 -99.9 -99.9
1999 10 16 1.3 -99.9 -99.9
1999 10 17 2.0 -99.9 -99.9
1999 10 18 0.2 -99.9 -99.9
1999 10 19 0.0 -99.9 -99.9
1999 10 20 0.0 -99.9 -99.9
1999 10 21 0.0 -99.9 -99.9
1999 10 22 0.0 -99.9 -99.9
1999 10 23 22.5 -99.9 -99.9
1999 10 24 0.0 -99.9 -99.9
1999 10 25 0.6 -99.9 -99.9
1999 10 26 0.0 -99.9 -99.9
1999 10 27 0.0 -99.9 -99.9
1999 10 28 0.0 -99.9 -99.9
1999 10 29 0.0 -99.9 -99.9
1999 10 30 0.0 -99.9 -99.9
1999 10 31 0.0 -99.9 -99.9
1999 11 01 0.0 -99.9 -99.9
1999 11 02 0.0 -99.9 -99.9
1999 11 03 0.0 -99.9 -99.9
1999 11 04 0.0 -99.9 -99.9
1999 11 05 0.0 -99.9 -99.9
1999 11 06 0.0 -99.9 -99.9
1999 11 07 0.0 -99.9 -99.9
1999 11 08 0.0 -99.9 -99.9
1999 11 09 0.0 -99.9 -99.9
1999 11 10 0.0 -99.9 -99.9
1999 11 11 0.0 -99.9 -99.9
1999 11 12 0.0 -99.9 -99.9
1999 11 13 0.0 -99.9 -99.9
1999 11 14 0.0 -99.9 -99.9
1999 11 15 0.0 -99.9 -99.9
1999 11 16 0.0 -99.9 -99.9
1999 11 17 15.8 -99.9 -99.9
1999 11 18 2.3 -99.9 -99.9
1999 11 19 4.7 -99.9 -99.9
1999 11 20 15.4 -99.9 -99.9
1999 11 21 0.5 -99.9 -99.9
1999 11 22 5.4 -99.9 -99.9
1999 11 23 5.0 -99.9 -99.9
1999 11 24 4.0 -99.9 -99.9
1999 11 25 8.3 -99.9 -99.9
1999 11 26 8.5 -99.9 -99.9
1999 11 27 11.5 -99.9 -99.9
1999 11 28 8.3 -99.9 -99.9
1999 11 29 0.0 -99.9 -99.9
1999 11 30 5.4 -99.9 -99.9
1999 12 01 2.0 -99.9 -99.9
1999 12 02 0.0 -99.9 -99.9
1999 12 03 11.0 -99.9 -99.9
1999 12 04 4.0 -99.9 -99.9
1999 12 05 0.0 -99.9 -99.9
1999 12 06 0.0 -99.9 -99.9
1999 12 07 0.0 -99.9 -99.9
1999 12 08 6.0 -99.9 -99.9
1999 12 09 7.9 -99.9 -99.9
1999 12 10 9.2 -99.9 -99.9
1999 12 11 0.0 -99.9 -99.9
1999 12 12 11.3 -99.9 -99.9
1999 12 13 0.0 -99.9 -99.9
1999 12 14 5.9 -99.9 -99.9
1999 12 15 0.0 -99.9 -99.9
1999 12 16 0.0 -99.9 -99.9
1999 12 17 0.0 -99.9 -99.9
1999 12 18 2.1 -99.9 -99.9
1999 12 19 9.9 -99.9 -99.9
1999 12 20 4.1 -99.9 -99.9
1999 12 21 2.1 -99.9 -99.9
1999 12 22 0.0 -99.9 -99.9
1999 12 23 0.0 -99.9 -99.9
1999 12 24 0.0 -99.9 -99.9
1999 12 25 0.0 -99.9 -99.9
1999 12 26 0.9 -99.9 -99.9
1999 12 27 2.0 -99.9 -99.9
1999 12 28 1.3 -99.9 -99.9
1999 12 29 0.0 -99.9 -99.9
1999 12 30 0.0 -99.9 -99.9
1999 12 31 1.2 -99.9 -99.9
2000 01 01 1.9 -99.9 -99.9
2000 01 02 0.0 -99.9 -99.9
2000 01 03 0.0 -99.9 -99.9
2000 01 04 0.0 -99.9 -99.9
2000 01 05 0.0 -99.9 -99.9
2000 01 06 0.0 -99.9 -99.9
2000 01 07 0.0 -99.9 -99.9
2000 01 08 0.0 -99.9 -99.9
2000 01 09 0.0 -99.9 -99.9
2000 01 10 0.0 -99.9 -99.9
2000 01 11 0.0 -99.9 -99.9
2000 01 12 0.0 -99.9 -99.9
2000 01 13 0.0 -99.9 -99.9
2000 01 14 0.0 -99.9 -99.9
2000 01 15 0.0 -99.9 -99.9
2000 01 16 0.0 -99.9 -99.9
2000 01 17 0.0 -99.9 -99.9
2000 01 18 0.0 -99.9 -99.9
2000 01 19 0.0 -99.9 -99.9
2000 01 20 0.0 -99.9 -99.9
2000 01 21 2.1 -99.9 -99.9
2000 01 22 1.4 -99.9 -99.9
2000 01 23 0.5 -99.9 -99.9
2000 01 24 0.0 -99.9 -99.9
2000 01 25 0.0 -99.9 -99.9
2000 01 26 9.8 -99.9 -99.9
2000 01 27 3.3 -99.9 -99.9
2000 01 28 6.8 -99.9 -99.9
2000 01 29 0.0 -99.9 -99.9
2000 01 30 15.4 -99.9 -99.9
2000 01 31 15.1 -99.9 -99.9
2000 02 01 0.0 -99.9 -99.9
2000 02 02 3.8 -99.9 -99.9
2000 02 03 8.0 -99.9 -99.9
2000 02 04 8.9 -99.9 -99.9
2000 02 05 2.5 -99.9 -99.9
2000 02 06 15.8 -99.9 -99.9
2000 02 07 0.5 -99.9 -99.9
2000 02 08 1.4 -99.9 -99.9
2000 02 09 8.5 -99.9 -99.9
2000 02 10 0.0 -99.9 -99.9
2000 02 11 0.0 -99.9 -99.9
2000 02 12 0.0 -99.9 -99.9
2000 02 13 0.0 -99.9 -99.9
2000 02 14 0.0 -99.9 -99.9
2000 02 15 0.0 -99.9 -99.9
2000 02 16 16.4 -99.9 -99.9
2000 02 17 6.7 -99.9 -99.9
2000 02 18 0.0 -99.9 -99.9
2000 02 19 4.3 -99.9 -99.9
2000 02 20 8.8 -99.9 -99.9
2000 02 21 12.8 -99.9 -99.9
2000 02 22 3.4 -99.9 -99.9
2000 02 23 7.0 -99.9 -99.9
2000 02 24 6.2 -99.9 -99.9
2000 02 25 3.1 -99.9 -99.9
2000 02 26 2.4 -99.9 -99.9
2000 02 27 6.5 -99.9 -99.9
2000 02 28 6.0 -99.9 -99.9
2000 02 29 3.6 -99.9 -99.9
2000 03 01 1.0 -99.9 -99.9
2000 03 02 8.0 -99.9 -99.9
2000 03 03 10.5 -99.9 -99.9
2000 03 04 6.0 -99.9 -99.9
2000 03 05 10.0 -99.9 -99.9
2000 03 06 14.7 -99.9 -99.9
2000 03 07 13.4 -99.9 -99.9
2000 03 08 10.0 -99.9 -99.9
2000 03 09 0.0 -99.9 -99.9
2000 03 10 7.0 -99.9 -99.9
2000 03 11 0.0 -99.9 -99.9
2000 03 12 10.0 -99.9 -99.9
2000 03 13 11.0 -99.9 -99.9
2000 03 14 3.0 -99.9 -99.9
2000 03 15 3.0 -99.9 -99.9
2000 03 16 0.0 -99.9 -99.9
2000 03 17 1.0 -99.9 -99.9
2000 03 18 0.0 -99.9 -99.9
2000 03 19 0.0 -99.9 -99.9
2000 03 20 1.5 -99.9 -99.9
2000 03 21 0.0 -99.9 -99.9
2000 03 22 3.4 -99.9 -99.9
2000 03 23 2.3 -99.9 -99.9
2000 03 24 9.8 -99.9 -99.9
2000 03 25 2.1 -99.9 -99.9
2000 03 26 0.0 -99.9 -99.9
2000 03 27 1.3 -99.9 -99.9
2000 03 28 0.0 -99.9 -99.9
2000 03 29 4.5 -99.9 -99.9
2000 03 30 1.8 -99.9 -99.9
2000 03 31 5.0 -99.9 -99.9
2000 04 01 7.9 -99.9 -99.9
2000 04 02 0.0 -99.9 -99.9
2000 04 03 1.2 -99.9 -99.9
2000 04 04 2.5 -99.9 -99.9
2000 04 05 0.0 -99.9 -99.9
2000 04 06 0.5 -99.9 -99.9
2000 04 07 0.0 -99.9 -99.9
2000 04 08 0.0 -99.9 -99.9
2000 04 09 0.0 -99.9 -99.9
2000 04 10 0.0 -99.9 -99.9
2000 04 11 1.2 -99.9 -99.9
2000 04 12 0.0 -99.9 -99.9
2000 04 13 4.0 -99.9 -99.9
2000 04 14 2.5 -99.9 -99.9
2000 04 15 1.2 -99.9 -99.9
2000 04 16 0.0 -99.9 -99.9
2000 04 17 0.5 -99.9 -99.9
2000 04 18 16.8 -99.9 -99.9
2000 04 19 2.3 -99.9 -99.9
2000 04 20 7.0 -99.9 -99.9
2000 04 21 14.5 -99.9 -99.9
2000 04 22 7.1 -99.9 -99.9
2000 04 23 3.2 -99.9 -99.9
2000 04 24 4.3 -99.9 -99.9
2000 04 25 0.5 -99.9 -99.9
2000 04 26 0.0 -99.9 -99.9
2000 04 27 0.0 -99.9 -99.9
2000 04 28 3.2 -99.9 -99.9
2000 04 29 0.0 -99.9 -99.9
2000 04 30 0.5 -99.9 -99.9
2000 05 01 2.8 -99.9 -99.9
2000 05 02 3.4 -99.9 -99.9
2000 05 03 6.2 -99.9 -99.9
2000 05 04 4.1 -99.9 -99.9
2000 05 05 2.1 -99.9 -99.9
2000 05 06 0.0 -99.9 -99.9
2000 05 07 5.5 -99.9 -99.9
2000 05 08 0.0 -99.9 -99.9
2000 05 09 3.7 -99.9 -99.9
2000 05 10 0.0 -99.9 -99.9
2000 05 11 0.0 -99.9 -99.9
2000 05 12 0.0 -99.9 -99.9
2000 05 13 0.0 -99.9 -99.9
2000 05 14 0.0 -99.9 -99.9
2000 05 15 8.5 -99.9 -99.9
2000 05 16 6.0 -99.9 -99.9
2000 05 17 0.0 -99.9 -99.9
2000 05 18 0.0 -99.9 -99.9
2000 05 19 0.0 -99.9 -99.9
2000 05 20 0.2 -99.9 -99.9
2000 05 21 0.0 -99.9 -99.9
2000 05 22 0.0 -99.9 -99.9
2000 05 23 0.0 -99.9 -99.9
2000 05 24 0.0 -99.9 -99.9
2000 05 25 0.0 -99.9 -99.9
2000 05 26 0.0 -99.9 -99.9
2000 05 27 0.0 -99.9 -99.9
2000 05 28 0.0 -99.9 -99.9
2000 05 29 0.0 -99.9 -99.9
2000 05 30 0.0 -99.9 -99.9
2000 05 31 0.0 -99.9 -99.9
2000 06 01 0.0 -99.9 -99.9
2000 06 02 0.0 -99.9 -99.9
2000 06 03 0.0 -99.9 -99.9
2000 06 04 0.0 -99.9 -99.9
2000 06 05 0.0 -99.9 -99.9
2000 06 06 0.0 -99.9 -99.9
2000 06 07 0.0 -99.9 -99.9
2000 06 08 0.0 -99.9 -99.9
2000 06 09 0.0 -99.9 -99.9
2000 06 10 0.0 -99.9 -99.9
2000 06 11 0.0 -99.9 -99.9
2000 06 12 0.0 -99.9 -99.9
2000 06 13 0.0 -99.9 -99.9
2000 06 14 0.0 -99.9 -99.9
2000 06 15 0.0 -99.9 -99.9
2000 06 16 0.0 -99.9 -99.9
2000 06 17 0.0 -99.9 -99.9
2000 06 18 0.0 -99.9 -99.9
2000 06 19 0.0 -99.9 -99.9
2000 06 20 0.0 -99.9 -99.9
2000 06 21 0.0 -99.9 -99.9
2000 06 22 0.0 -99.9 -99.9
2000 06 23 0.0 -99.9 -99.9
2000 06 24 0.0 -99.9 -99.9
2000 06 25 0.0 -99.9 -99.9
2000 06 26 0.0 -99.9 -99.9
2000 06 27 0.0 -99.9 -99.9
2000 06 28 0.0 -99.9 -99.9
2000 06 29 0.0 -99.9 -99.9
2000 06 30 0.0 -99.9 -99.9
2000 07 01 0.0 -99.9 -99.9
2000 07 02 0.0 -99.9 -99.9
2000 07 03 0.0 -99.9 -99.9
2000 07 04 0.0 -99.9 -99.9
2000 07 05 0.0 -99.9 -99.9
2000 07 06 0.0 -99.9 -99.9
2000 07 07 0.0 -99.9 -99.9
2000 07 08 0.0 -99.9 -99.9
2000 07 09 0.0 -99.9 -99.9
2000 07 10 0.0 -99.9 -99.9
2000 07 11 0.0 -99.9 -99.9
2000 07 12 0.0 -99.9 -99.9
2000 07 13 0.0 -99.9 -99.9
2000 07 14 0.0 -99.9 -99.9
2000 07 15 0.0 -99.9 -99.9
2000 07 16 0.0 -99.9 -99.9
2000 07 17 0.0 -99.9 -99.9
2000 07 18 0.0 -99.9 -99.9
2000 07 19 0.0 -99.9 -99.9
2000 07 20 0.0 -99.9 -99.9
2000 07 21 0.0 -99.9 -99.9
2000 07 22 0.0 -99.9 -99.9
2000 07 23 0.0 -99.9 -99.9
2000 07 24 2.4 -99.9 -99.9
2000 07 25 0.0 -99.9 -99.9
2000 07 26 0.0 -99.9 -99.9
2000 07 27 0.0 -99.9 -99.9
2000 07 28 0.0 -99.9 -99.9
2000 07 29 0.0 -99.9 -99.9
2000 07 30 0.0 -99.9 -99.9
2000 07 31 0.0 -99.9 -99.9
2000 08 01 0.0 -99.9 -99.9
2000 08 02 0.0 -99.9 -99.9
2000 08 03 0.0 -99.9 -99.9
2000 08 04 0.0 -99.9 -99.9
2000 08 05 0.0 -99.9 -99.9
2000 08 06 0.0 -99.9 -99.9
2000 08 07 0.0 -99.9 -99.9
2000 08 08 0.0 -99.9 -99.9
2000 08 09 4.0 -99.9 -99.9
2000 08 10 0.0 -99.9 -99.9
2000 08 11 4.2 -99.9 -99.9
2000 08 12 0.0 -99.9 -99.9
2000 08 13 0.0 -99.9 -99.9
2000 08 14 0.0 -99.9 -99.9
2000 08 15 0.0 -99.9 -99.9
2000 08 16 0.0 -99.9 -99.9
2000 08 17 0.0 -99.9 -99.9
2000 08 18 0.0 -99.9 -99.9
2000 08 19 0.0 -99.9 -99.9
2000 08 20 0.0 -99.9 -99.9
2000 08 21 0.0 -99.9 -99.9
2000 08 22 0.0 -99.9 -99.9
2000 08 23 0.0 -99.9 -99.9
2000 08 24 0.0 -99.9 -99.9
2000 08 25 0.0 -99.9 -99.9
2000 08 26 0.0 -99.9 -99.9
2000 08 27 0.0 -99.9 -99.9
2000 08 28 0.0 -99.9 -99.9
2000 08 29 0.0 -99.9 -99.9
2000 08 30 1.8 -99.9 -99.9
2000 08 31 0.0 -99.9 -99.9
2000 09 01 0.0 -99.9 -99.9
2000 09 02 0.0 -99.9 -99.9
2000 09 03 0.0 -99.9 -99.9
2000 09 04 0.0 -99.9 -99.9
2000 09 05 0.0 -99.9 -99.9
2000 09 06 0.0 -99.9 -99.9
2000 09 07 0.0 -99.9 -99.9
2000 09 08 0.0 -99.9 -99.9
2000 09 09 0.0 -99.9 -99.9
2000 09 10 0.0 -99.9 -99.9
2000 09 11 0.0 -99.9 -99.9
2000 09 12 0.0 -99.9 -99.9
2000 09 13 0.0 -99.9 -99.9
2000 09 14 0.0 -99.9 -99.9
2000 09 15 0.0 -99.9 -99.9
2000 09 16 0.0 -99.9 -99.9
2000 09 17 0.0 -99.9 -99.9
2000 09 18 0.0 -99.9 -99.9
2000 09 19 0.0 -99.9 -99.9
2000 09 20 0.0 -99.9 -99.9
2000 09 21 12.9 -99.9 -99.9
2000 09 22 0.0 -99.9 -99.9
2000 09 23 4.3 -99.9 -99.9
2000 09 24 2.9 -99.9 -99.9
2000 09 25 0.0 -99.9 -99.9
2000 09 26 0.0 -99.9 -99.9
2000 09 27 0.0 -99.9 -99.9
2000 09 28 22.2 -99.9 -99.9
2000 09 29 2.2 -99.9 -99.9
2000 09 30 0.0 -99.9 -99.9
2000 10 01 0.0 -99.9 -99.9
2000 10 02 0.0 -99.9 -99.9
2000 10 03 0.0 -99.9 -99.9
2000 10 04 0.5 -99.9 -99.9
2000 10 05 6.6 -99.9 -99.9
2000 10 06 7.6 -99.9 -99.9
2000 10 07 0.0 -99.9 -99.9
2000 10 08 0.0 -99.9 -99.9
2000 10 09 2.4 -99.9 -99.9
2000 10 10 0.0 -99.9 -99.9
2000 10 11 0.0 -99.9 -99.9
2000 10 12 0.0 -99.9 -99.9
2000 10 13 0.0 -99.9 -99.9
2000 10 14 0.0 -99.9 -99.9
2000 10 15 0.0 -99.9 -99.9
2000 10 16 2.1 -99.9 -99.9
2000 10 17 4.2 -99.9 -99.9
2000 10 18 4.7 -99.9 -99.9
2000 10 19 0.0 -99.9 -99.9
2000 10 20 0.9 -99.9 -99.9
2000 10 21 2.9 -99.9 -99.9
2000 10 22 0.0 -99.9 -99.9
2000 10 23 0.7 -99.9 -99.9
2000 10 24 0.0 -99.9 -99.9
2000 10 25 0.0 -99.9 -99.9
2000 10 26 0.0 -99.9 -99.9
2000 10 27 0.0 -99.9 -99.9
2000 10 28 0.0 -99.9 -99.9
2000 10 29 0.0 -99.9 -99.9
2000 10 30 0.0 -99.9 -99.9
2000 10 31 0.0 -99.9 -99.9
2000 11 01 0.0 -99.9 -99.9
2000 11 02 0.0 -99.9 -99.9
2000 11 03 0.0 -99.9 -99.9
2000 11 04 0.0 -99.9 -99.9
2000 11 05 0.0 -99.9 -99.9
2000 11 06 0.0 -99.9 -99.9
2000 11 07 0.0 -99.9 -99.9
2000 11 08 0.0 -99.9 -99.9
2000 11 09 0.0 -99.9 -99.9
2000 11 10 0.0 -99.9 -99.9
2000 11 11 0.0 -99.9 -99.9
2000 11 12 0.0 -99.9 -99.9
2000 11 13 0.0 -99.9 -99.9
2000 11 14 0.0 -99.9 -99.9
2000 11 15 0.0 -99.9 -99.9
2000 11 16 0.0 -99.9 -99.9
2000 11 17 0.8 -99.9 -99.9
2000 11 18 4.5 -99.9 -99.9
2000 11 19 0.0 -99.9 -99.9
2000 11 20 0.0 -99.9 -99.9
2000 11 21 0.0 -99.9 -99.9
2000 11 22 3.5 -99.9 -99.9
2000 11 23 0.0 -99.9 -99.9
2000 11 24 0.0 -99.9 -99.9
2000 11 25 0.0 -99.9 -99.9
2000 11 26 12.0 -99.9 -99.9
2000 11 27 6.7 -99.9 -99.9
2000 11 28 0.5 -99.9 -99.9
2000 11 29 3.1 -99.9 -99.9
2000 11 30 8.1 -99.9 -99.9
2000 12 01 5.1 -99.9 -99.9
2000 12 02 24.0 -99.9 -99.9
2000 12 03 28.0 -99.9 -99.9
2000 12 04 10.5 -99.9 -99.9
2000 12 05 0.2 -99.9 -99.9
2000 12 06 1.4 -99.9 -99.9
2000 12 07 12.1 -99.9 -99.9
2000 12 08 9.8 -99.9 -99.9
2000 12 09 0.6 -99.9 -99.9
2000 12 10 18.9 -99.9 -99.9
2000 12 11 0.0 -99.9 -99.9
2000 12 12 2.5 -99.9 -99.9
2000 12 13 0.0 -99.9 -99.9
2000 12 14 5.2 -99.9 -99.9
2000 12 15 3.8 -99.9 -99.9
2000 12 16 8.0 -99.9 -99.9
2000 12 17 10.5 -99.9 -99.9
2000 12 18 12.0 -99.9 -99.9
2000 12 19 15.4 -99.9 -99.9
2000 12 20 5.2 -99.9 -99.9
2000 12 21 0.0 -99.9 -99.9
2000 12 22 0.0 -99.9 -99.9
2000 12 23 1.9 -99.9 -99.9
2000 12 24 0.0 -99.9 -99.9
2000 12 25 0.0 -99.9 -99.9
2000 12 26 1.9 -99.9 -99.9
2000 12 27 10.5 -99.9 -99.9
2000 12 28 24.3 -99.9 -99.9
2000 12 29 13.5 -99.9 -99.9
2000 12 30 1.9 -99.9 -99.9
2000 12 31 0.0 -99.9 -99.9
2001 01 01 5.0 -99.9 -99.9
2001 01 02 0.0 -99.9 -99.9
2001 01 03 7.7 -99.9 -99.9
2001 01 04 0.0 -99.9 -99.9
2001 01 05 12.0 -99.9 -99.9
2001 01 06 5.2 -99.9 -99.9
2001 01 07 4.0 -99.9 -99.9
2001 01 08 1.3 -99.9 -99.9
2001 01 09 0.0 -99.9 -99.9
2001 01 10 0.0 -99.9 -99.9
2001 01 11 0.0 -99.9 -99.9
2001 01 12 0.0 -99.9 -99.9
2001 01 13 13.3 -99.9 -99.9
2001 01 14 5.6 -99.9 -99.9
2001 01 15 6.2 -99.9 -99.9
2001 01 16 12.6 -99.9 -99.9
2001 01 17 7.6 -99.9 -99.9
2001 01 18 14.4 -99.9 -99.9
2001 01 19 10.6 -99.9 -99.9
2001 01 20 2.8 -99.9 -99.9
2001 01 21 2.9 -99.9 -99.9
2001 01 22 14.4 -99.9 -99.9
2001 01 23 8.8 -99.9 -99.9
2001 01 24 0.2 -99.9 -99.9
2001 01 25 3.5 -99.9 -99.9
2001 01 26 0.1 -99.9 -99.9
2001 01 27 0.7 -99.9 -99.9
2001 01 28 16.3 -99.9 -99.9
2001 01 29 2.1 -99.9 -99.9
2001 01 30 3.0 -99.9 -99.9
2001 01 31 2.2 -99.9 -99.9
2001 02 01 5.5 -99.9 -99.9
2001 02 02 4.3 -99.9 -99.9
2001 02 03 5.4 -99.9 -99.9
2001 02 04 1.0 -99.9 -99.9
2001 02 05 0.2 -99.9 -99.9
2001 02 06 2.5 -99.9 -99.9
2001 02 07 0.0 -99.9 -99.9
2001 02 08 0.0 -99.9 -99.9
2001 02 09 1.0 -99.9 -99.9
2001 02 10 0.0 -99.9 -99.9
2001 02 11 0.0 -99.9 -99.9
2001 02 12 0.0 -99.9 -99.9
2001 02 13 0.0 -99.9 -99.9
2001 02 14 0.0 -99.9 -99.9
2001 02 15 12.0 -99.9 -99.9
2001 02 16 5.0 -99.9 -99.9
2001 02 17 19.5 -99.9 -99.9
2001 02 18 0.0 -99.9 -99.9
2001 02 19 8.5 -99.9 -99.9
2001 02 20 0.0 -99.9 -99.9
2001 02 21 0.0 -99.9 -99.9
2001 02 22 0.0 -99.9 -99.9
2001 02 23 9.0 -99.9 -99.9
2001 02 24 7.4 -99.9 -99.9
2001 02 25 0.0 -99.9 -99.9
2001 02 26 16.2 -99.9 -99.9
2001 02 27 0.0 -99.9 -99.9
2001 02 28 0.0 -99.9 -99.9
2001 03 01 0.0 -99.9 -99.9
2001 03 02 9.4 -99.9 -99.9
2001 03 03 4.5 -99.9 -99.9
2001 03 04 3.5 -99.9 -99.9
2001 03 05 1.2 -99.9 -99.9
2001 03 06 0.0 -99.9 -99.9
2001 03 07 2.0 -99.9 -99.9
2001 03 08 17.5 -99.9 -99.9
2001 03 09 8.1 -99.9 -99.9
2001 03 10 12.2 -99.9 -99.9
2001 03 11 7.2 -99.9 -99.9
2001 03 12 5.0 -99.9 -99.9
2001 03 13 10.8 -99.9 -99.9
2001 03 14 9.0 -99.9 -99.9
2001 03 15 10.9 -99.9 -99.9
2001 03 16 2.6 -99.9 -99.9
2001 03 17 0.0 -99.9 -99.9
2001 03 18 22.5 -99.9 -99.9
2001 03 19 21.0 -99.9 -99.9
2001 03 20 10.3 -99.9 -99.9
2001 03 21 10.5 -99.9 -99.9
2001 03 22 6.7 -99.9 -99.9
2001 03 23 8.2 -99.9 -99.9
2001 03 24 1.1 -99.9 -99.9
2001 03 25 3.4 -99.9 -99.9
2001 03 26 2.0 -99.9 -99.9
2001 03 27 4.0 -99.9 -99.9
2001 03 28 0.0 -99.9 -99.9
2001 03 29 6.3 -99.9 -99.9
2001 03 30 4.0 -99.9 -99.9
2001 03 31 3.1 -99.9 -99.9
2001 04 01 0.0 -99.9 -99.9
2001 04 02 2.8 -99.9 -99.9
2001 04 03 1.8 -99.9 -99.9
2001 04 04 1.0 -99.9 -99.9
2001 04 05 2.1 -99.9 -99.9
2001 04 06 0.0 -99.9 -99.9
2001 04 07 4.9 -99.9 -99.9
2001 04 08 0.0 -99.9 -99.9
2001 04 09 0.0 -99.9 -99.9
2001 04 10 17.2 -99.9 -99.9
2001 04 11 2.5 -99.9 -99.9
2001 04 12 0.0 -99.9 -99.9
2001 04 13 0.0 -99.9 -99.9
2001 04 14 0.0 -99.9 -99.9
2001 04 15 0.0 -99.9 -99.9
2001 04 16 0.0 -99.9 -99.9
2001 04 17 0.0 -99.9 -99.9
2001 04 18 0.0 -99.9 -99.9
2001 04 19 14.3 -99.9 -99.9
2001 04 20 3.9 -99.9 -99.9
2001 04 21 6.8 -99.9 -99.9
2001 04 22 0.0 -99.9 -99.9
2001 04 23 0.0 -99.9 -99.9
2001 04 24 0.0 -99.9 -99.9
2001 04 25 1.8 -99.9 -99.9
2001 04 26 0.0 -99.9 -99.9
2001 04 27 0.0 -99.9 -99.9
2001 04 28 0.0 -99.9 -99.9
2001 04 29 0.0 -99.9 -99.9
2001 04 30 0.0 -99.9 -99.9
2001 05 01 0.0 -99.9 -99.9
2001 05 02 0.0 -99.9 -99.9
2001 05 03 0.0 -99.9 -99.9
2001 05 04 0.0 -99.9 -99.9
2001 05 05 0.0 -99.9 -99.9
2001 05 06 0.0 -99.9 -99.9
2001 05 07 0.0 -99.9 -99.9
2001 05 08 0.1 -99.9 -99.9
2001 05 09 0.0 -99.9 -99.9
2001 05 10 0.0 -99.9 -99.9
2001 05 11 0.0 -99.9 -99.9
2001 05 12 2.4 -99.9 -99.9
2001 05 13 0.0 -99.9 -99.9
2001 05 14 0.0 -99.9 -99.9
2001 05 15 6.2 -99.9 -99.9
2001 05 16 6.1 -99.9 -99.9
2001 05 17 0.0 -99.9 -99.9
2001 05 18 0.0 -99.9 -99.9
2001 05 19 0.0 -99.9 -99.9
2001 05 20 0.0 -99.9 -99.9
2001 05 21 0.0 -99.9 -99.9
2001 05 22 0.0 -99.9 -99.9
2001 05 23 0.0 -99.9 -99.9
2001 05 24 0.0 -99.9 -99.9
2001 05 25 0.0 -99.9 -99.9
2001 05 26 0.0 -99.9 -99.9
2001 05 27 0.0 -99.9 -99.9
2001 05 28 0.0 -99.9 -99.9
2001 05 29 0.0 -99.9 -99.9
2001 05 30 0.0 -99.9 -99.9
2001 05 31 0.0 -99.9 -99.9
2001 06 01 0.0 -99.9 -99.9
2001 06 02 0.0 -99.9 -99.9
2001 06 03 0.0 -99.9 -99.9
2001 06 04 0.0 -99.9 -99.9
2001 06 05 0.0 -99.9 -99.9
2001 06 06 0.0 -99.9 -99.9
2001 06 07 0.0 -99.9 -99.9
2001 06 08 0.0 -99.9 -99.9
2001 06 09 0.0 -99.9 -99.9
2001 06 10 0.0 -99.9 -99.9
2001 06 11 0.0 -99.9 -99.9
2001 06 12 0.0 -99.9 -99.9
2001 06 13 0.0 -99.9 -99.9
2001 06 14 0.0 -99.9 -99.9
2001 06 15 0.0 -99.9 -99.9
2001 06 16 0.0 -99.9 -99.9
2001 06 17 0.0 -99.9 -99.9
2001 06 18 0.0 -99.9 -99.9
2001 06 19 0.0 -99.9 -99.9
2001 06 20 0.0 -99.9 -99.9
2001 06 21 0.0 -99.9 -99.9
2001 06 22 0.0 -99.9 -99.9
2001 06 23 0.0 -99.9 -99.9
2001 06 24 0.0 -99.9 -99.9
2001 06 25 0.0 -99.9 -99.9
2001 06 26 0.0 -99.9 -99.9
2001 06 27 0.0 -99.9 -99.9
2001 06 28 0.0 -99.9 -99.9
2001 06 29 0.0 -99.9 -99.9
2001 06 30 0.0 -99.9 -99.9
2001 07 01 0.0 -99.9 -99.9
2001 07 02 0.0 -99.9 -99.9
2001 07 03 0.0 -99.9 -99.9
2001 07 04 0.0 -99.9 -99.9
2001 07 05 0.0 -99.9 -99.9
2001 07 06 0.0 -99.9 -99.9
2001 07 07 0.0 -99.9 -99.9
2001 07 08 0.0 -99.9 -99.9
2001 07 09 0.0 -99.9 -99.9
2001 07 10 0.0 -99.9 -99.9
2001 07 11 0.0 -99.9 -99.9
2001 07 12 0.0 -99.9 -99.9
2001 07 13 0.0 -99.9 -99.9
2001 07 14 0.0 -99.9 -99.9
2001 07 15 0.0 -99.9 -99.9
2001 07 16 0.0 -99.9 -99.9
2001 07 17 0.0 -99.9 -99.9
2001 07 18 0.0 -99.9 -99.9
2001 07 19 0.0 -99.9 -99.9
2001 07 20 0.0 -99.9 -99.9
2001 07 21 0.0 -99.9 -99.9
2001 07 22 0.0 -99.9 -99.9
2001 07 23 0.0 -99.9 -99.9
2001 07 24 0.0 -99.9 -99.9
2001 07 25 0.0 -99.9 -99.9
2001 07 26 0.0 -99.9 -99.9
2001 07 27 0.0 -99.9 -99.9
2001 07 28 0.0 -99.9 -99.9
2001 07 29 0.0 -99.9 -99.9
2001 07 30 0.0 -99.9 -99.9
2001 07 31 0.0 -99.9 -99.9
2001 08 01 0.0 -99.9 -99.9
2001 08 02 0.0 -99.9 -99.9
2001 08 03 0.0 -99.9 -99.9
2001 08 04 0.0 -99.9 -99.9
2001 08 05 0.0 -99.9 -99.9
2001 08 06 0.0 -99.9 -99.9
2001 08 07 0.0 -99.9 -99.9
2001 08 08 0.0 -99.9 -99.9
2001 08 09 0.0 -99.9 -99.9
2001 08 10 0.0 -99.9 -99.9
2001 08 11 0.0 -99.9 -99.9
2001 08 12 0.0 -99.9 -99.9
2001 08 13 0.0 -99.9 -99.9
2001 08 14 0.0 -99.9 -99.9
2001 08 15 0.0 -99.9 -99.9
2001 08 16 0.0 -99.9 -99.9
2001 08 17 0.0 -99.9 -99.9
2001 08 18 0.0 -99.9 -99.9
2001 08 19 0.0 -99.9 -99.9
2001 08 20 0.0 -99.9 -99.9
2001 08 21 0.0 -99.9 -99.9
2001 08 22 0.0 -99.9 -99.9
2001 08 23 0.0 -99.9 -99.9
2001 08 24 0.0 -99.9 -99.9
2001 08 25 0.0 -99.9 -99.9
2001 08 26 0.0 -99.9 -99.9
2001 08 27 0.0 -99.9 -99.9
2001 08 28 0.0 -99.9 -99.9
2001 08 29 0.0 -99.9 -99.9
2001 08 30 0.0 -99.9 -99.9
2001 08 31 0.0 -99.9 -99.9
2001 09 01 0.0 -99.9 -99.9
2001 09 02 0.0 -99.9 -99.9
2001 09 03 0.0 -99.9 -99.9
2001 09 04 2.5 -99.9 -99.9
2001 09 05 3.3 -99.9 -99.9
2001 09 06 5.4 -99.9 -99.9
2001 09 07 0.0 -99.9 -99.9
2001 09 08 2.1 -99.9 -99.9
2001 09 09 3.0 -99.9 -99.9
2001 09 10 1.5 -99.9 -99.9
2001 09 11 0.0 -99.9 -99.9
2001 09 12 0.0 -99.9 -99.9
2001 09 13 12.5 -99.9 -99.9
2001 09 14 3.8 -99.9 -99.9
2001 09 15 3.2 -99.9 -99.9
2001 09 16 3.0 -99.9 -99.9
2001 09 17 8.0 -99.9 -99.9
2001 09 18 0.5 -99.9 -99.9
2001 09 19 0.0 -99.9 -99.9
2001 09 20 0.0 -99.9 -99.9
2001 09 21 0.0 -99.9 -99.9
2001 09 22 0.0 -99.9 -99.9
2001 09 23 2.5 -99.9 -99.9
2001 09 24 4.0 -99.9 -99.9
2001 09 25 2.0 -99.9 -99.9
2001 09 26 9.7 -99.9 -99.9
2001 09 27 2.4 -99.9 -99.9
2001 09 28 0.0 -99.9 -99.9
2001 09 29 0.0 -99.9 -99.9
2001 09 30 0.0 -99.9 -99.9
2001 10 01 3.3 -99.9 -99.9
2001 10 02 3.0 -99.9 -99.9
2001 10 03 0.0 -99.9 -99.9
2001 10 04 0.0 -99.9 -99.9
2001 10 05 2.1 -99.9 -99.9
2001 10 06 7.5 -99.9 -99.9
2001 10 07 3.6 -99.9 -99.9
2001 10 08 2.2 -99.9 -99.9
2001 10 09 0.0 -99.9 -99.9
2001 10 10 0.0 -99.9 -99.9
2001 10 11 0.0 -99.9 -99.9
2001 10 12 0.0 -99.9 -99.9
2001 10 13 0.0 -99.9 -99.9
2001 10 14 2.1 -99.9 -99.9
2001 10 15 0.0 -99.9 -99.9
2001 10 16 0.0 -99.9 -99.9
2001 10 17 0.0 -99.9 -99.9
2001 10 18 0.0 -99.9 -99.9
2001 10 19 0.0 -99.9 -99.9
2001 10 20 0.0 -99.9 -99.9
2001 10 21 0.0 -99.9 -99.9
2001 10 22 0.0 -99.9 -99.9
2001 10 23 0.0 -99.9 -99.9
2001 10 24 0.0 -99.9 -99.9
2001 10 25 0.0 -99.9 -99.9
2001 10 26 2.1 -99.9 -99.9
2001 10 27 5.0 -99.9 -99.9
2001 10 28 5.3 -99.9 -99.9
2001 10 29 1.5 -99.9 -99.9
2001 10 30 20.2 -99.9 -99.9
2001 10 31 13.1 -99.9 -99.9
2001 11 01 0.0 -99.9 -99.9
2001 11 02 0.0 -99.9 -99.9
2001 11 03 0.0 -99.9 -99.9
2001 11 04 0.0 -99.9 -99.9
2001 11 05 0.0 -99.9 -99.9
2001 11 06 0.0 -99.9 -99.9
2001 11 07 4.5 -99.9 -99.9
2001 11 08 0.0 -99.9 -99.9
2001 11 09 0.0 -99.9 -99.9
2001 11 10 0.0 -99.9 -99.9
2001 11 11 0.0 -99.9 -99.9
2001 11 12 23.1 -99.9 -99.9
2001 11 13 5.2 -99.9 -99.9
2001 11 14 13.4 -99.9 -99.9
2001 11 15 6.2 -99.9 -99.9
2001 11 16 5.8 -99.9 -99.9
2001 11 17 1.8 -99.9 -99.9
2001 11 18 0.0 -99.9 -99.9
2001 11 19 3.5 -99.9 -99.9
2001 11 20 8.0 -99.9 -99.9
2001 11 21 0.0 -99.9 -99.9
2001 11 22 0.0 -99.9 -99.9
2001 11 23 0.0 -99.9 -99.9
2001 11 24 12.0 -99.9 -99.9
2001 11 25 0.0 -99.9 -99.9
2001 11 26 8.0 -99.9 -99.9
2001 11 27 12.2 -99.9 -99.9
2001 11 28 20.8 -99.9 -99.9
2001 11 29 0.0 -99.9 -99.9
2001 11 30 0.0 -99.9 -99.9
2001 12 01 0.0 -99.9 -99.9
2001 12 02 0.0 -99.9 -99.9
2001 12 03 0.0 -99.9 -99.9
2001 12 04 0.0 -99.9 -99.9
2001 12 05 0.0 -99.9 -99.9
2001 12 06 0.0 -99.9 -99.9
2001 12 07 2.5 -99.9 -99.9
2001 12 08 7.5 -99.9 -99.9
2001 12 09 0.0 -99.9 -99.9
2001 12 10 2.1 -99.9 -99.9
2001 12 11 0.0 -99.9 -99.9
2001 12 12 12.3 -99.9 -99.9
2001 12 13 0.0 -99.9 -99.9
2001 12 14 0.0 -99.9 -99.9
2001 12 15 0.0 -99.9 -99.9
2001 12 16 0.0 -99.9 -99.9
2001 12 17 2.6 -99.9 -99.9
2001 12 18 0.0 -99.9 -99.9
2001 12 19 0.0 -99.9 -99.9
2001 12 20 0.0 -99.9 -99.9
2001 12 21 0.0 -99.9 -99.9
2001 12 22 0.0 -99.9 -99.9
2001 12 23 0.0 -99.9 -99.9
2001 12 24 1.8 -99.9 -99.9
2001 12 25 34.8 -99.9 -99.9
2001 12 26 0.7 -99.9 -99.9
2001 12 27 0.2 -99.9 -99.9
2001 12 28 2.6 -99.9 -99.9
2001 12 29 4.3 -99.9 -99.9
2001 12 30 0.0 -99.9 -99.9
2001 12 31 0.0 -99.9 -99.9
2002 01 01 0.0 -99.9 -99.9
2002 01 02 0.0 -99.9 -99.9
2002 01 03 0.0 -99.9 -99.9
2002 01 04 0.0 -99.9 -99.9
2002 01 05 0.0 -99.9 -99.9
2002 01 06 0.0 -99.9 -99.9
2002 01 07 0.0 -99.9 -99.9
2002 01 08 0.0 -99.9 -99.9
2002 01 09 0.0 -99.9 -99.9
2002 01 10 7.3 -99.9 -99.9
2002 01 11 2.5 -99.9 -99.9
2002 01 12 14.5 -99.9 -99.9
2002 01 13 8.0 -99.9 -99.9
2002 01 14 2.2 -99.9 -99.9
2002 01 15 0.0 -99.9 -99.9
2002 01 16 0.0 -99.9 -99.9
2002 01 17 0.0 -99.9 -99.9
2002 01 18 10.6 -99.9 -99.9
2002 01 19 2.1 -99.9 -99.9
2002 01 20 11.4 -99.9 -99.9
2002 01 21 12.5 -99.9 -99.9
2002 01 22 0.0 -99.9 -99.9
2002 01 23 5.5 -99.9 -99.9
2002 01 24 19.5 -99.9 -99.9
2002 01 25 0.5 -99.9 -99.9
2002 01 26 1.0 -99.9 -99.9
2002 01 27 0.5 -99.9 -99.9
2002 01 28 0.0 -99.9 -99.9
2002 01 29 8.2 -99.9 -99.9
2002 01 30 0.0 -99.9 -99.9
2002 01 31 0.0 -99.9 -99.9
2002 02 01 16.0 -99.9 -99.9
2002 02 02 0.0 -99.9 -99.9
2002 02 03 3.0 -99.9 -99.9
2002 02 04 0.0 -99.9 -99.9
2002 02 05 5.5 -99.9 -99.9
2002 02 06 11.3 -99.9 -99.9
2002 02 07 0.0 -99.9 -99.9
2002 02 08 0.0 -99.9 -99.9
2002 02 09 0.0 -99.9 -99.9
2002 02 10 0.0 -99.9 -99.9
2002 02 11 1.4 -99.9 -99.9
2002 02 12 0.0 -99.9 -99.9
2002 02 13 21.8 -99.9 -99.9
2002 02 14 0.0 -99.9 -99.9
2002 02 15 1.0 -99.9 -99.9
2002 02 16 0.0 -99.9 -99.9
2002 02 17 5.3 -99.9 -99.9
2002 02 18 3.3 -99.9 -99.9
2002 02 19 14.5 -99.9 -99.9
2002 02 20 2.2 -99.9 -99.9
2002 02 21 2.5 -99.9 -99.9
2002 02 22 12.2 -99.9 -99.9
2002 02 23 7.9 -99.9 -99.9
2002 02 24 3.6 -99.9 -99.9
2002 02 25 0.0 -99.9 -99.9
2002 02 26 12.0 -99.9 -99.9
2002 02 27 0.0 -99.9 -99.9
2002 02 28 0.0 -99.9 -99.9
2002 03 01 6.0 -99.9 -99.9
2002 03 02 5.5 -99.9 -99.9
2002 03 03 19.5 -99.9 -99.9
2002 03 04 0.0 -99.9 -99.9
2002 03 05 1.8 -99.9 -99.9
2002 03 06 2.7 -99.9 -99.9
2002 03 07 0.0 -99.9 -99.9
2002 03 08 0.0 -99.9 -99.9
2002 03 09 1.7 -99.9 -99.9
2002 03 10 3.5 -99.9 -99.9
2002 03 11 0.0 -99.9 -99.9
2002 03 12 3.8 -99.9 -99.9
2002 03 13 2.0 -99.9 -99.9
2002 03 14 1.8 -99.9 -99.9
2002 03 15 10.5 -99.9 -99.9
2002 03 16 5.0 -99.9 -99.9
2002 03 17 10.7 -99.9 -99.9
2002 03 18 3.9 -99.9 -99.9
2002 03 19 3.0 -99.9 -99.9
2002 03 20 8.9 -99.9 -99.9
2002 03 21 4.0 -99.9 -99.9
2002 03 22 3.5 -99.9 -99.9
2002 03 23 5.9 -99.9 -99.9
2002 03 24 8.6 -99.9 -99.9
2002 03 25 40.5 -99.9 -99.9
2002 03 26 5.0 -99.9 -99.9
2002 03 27 2.3 -99.9 -99.9
2002 03 28 14.5 -99.9 -99.9
2002 03 29 10.0 -99.9 -99.9
2002 03 30 0.5 -99.9 -99.9
2002 03 31 4.3 -99.9 -99.9
2002 04 01 0.6 -99.9 -99.9
2002 04 02 0.0 -99.9 -99.9
2002 04 03 3.3 -99.9 -99.9
2002 04 04 5.3 -99.9 -99.9
2002 04 05 0.0 -99.9 -99.9
2002 04 06 17.5 -99.9 -99.9
2002 04 07 16.1 -99.9 -99.9
2002 04 08 0.0 -99.9 -99.9
2002 04 09 0.0 -99.9 -99.9
2002 04 10 9.2 -99.9 -99.9
2002 04 11 17.3 -99.9 -99.9
2002 04 12 0.0 -99.9 -99.9
2002 04 13 0.0 -99.9 -99.9
2002 04 14 0.0 -99.9 -99.9
2002 04 15 0.0 -99.9 -99.9
2002 04 16 0.0 -99.9 -99.9
2002 04 17 1.2 -99.9 -99.9
2002 04 18 3.1 -99.9 -99.9
2002 04 19 2.0 -99.9 -99.9
2002 04 20 1.0 -99.9 -99.9
2002 04 21 3.1 -99.9 -99.9
2002 04 22 3.5 -99.9 -99.9
2002 04 23 4.8 -99.9 -99.9
2002 04 24 0.0 -99.9 -99.9
2002 04 25 0.0 -99.9 -99.9
2002 04 26 0.0 -99.9 -99.9
2002 04 27 0.0 -99.9 -99.9
2002 04 28 0.0 -99.9 -99.9
2002 04 29 0.0 -99.9 -99.9
2002 04 30 0.0 -99.9 -99.9
2002 05 01 0.0 -99.9 -99.9
2002 05 02 0.0 -99.9 -99.9
2002 05 03 5.0 -99.9 -99.9
2002 05 04 2.1 -99.9 -99.9
2002 05 05 0.0 -99.9 -99.9
2002 05 06 0.0 -99.9 -99.9
2002 05 07 0.0 -99.9 -99.9
2002 05 08 0.0 -99.9 -99.9
2002 05 09 0.0 -99.9 -99.9
2002 05 10 0.0 -99.9 -99.9
2002 05 11 0.0 -99.9 -99.9
2002 05 12 0.0 -99.9 -99.9
2002 05 13 0.0 -99.9 -99.9
2002 05 14 0.0 -99.9 -99.9
2002 05 15 0.0 -99.9 -99.9
2002 05 16 0.0 -99.9 -99.9
2002 05 17 0.0 -99.9 -99.9
2002 05 18 0.0 -99.9 -99.9
2002 05 19 0.0 -99.9 -99.9
2002 05 20 0.0 -99.9 -99.9
2002 05 21 0.0 -99.9 -99.9
2002 05 22 0.0 -99.9 -99.9
2002 05 23 4.5 -99.9 -99.9
2002 05 24 3.0 -99.9 -99.9
2002 05 25 0.0 -99.9 -99.9
2002 05 26 0.0 -99.9 -99.9
2002 05 27 0.0 -99.9 -99.9
2002 05 28 0.0 -99.9 -99.9
2002 05 29 0.0 -99.9 -99.9
2002 05 30 0.0 -99.9 -99.9
2002 05 31 3.1 -99.9 -99.9
2002 06 01 0.0 -99.9 -99.9
2002 06 02 0.0 -99.9 -99.9
2002 06 03 0.0 -99.9 -99.9
2002 06 04 0.0 -99.9 -99.9
2002 06 05 0.0 -99.9 -99.9
2002 06 06 0.0 -99.9 -99.9
2002 06 07 0.0 -99.9 -99.9
2002 06 08 0.0 -99.9 -99.9
2002 06 09 0.0 -99.9 -99.9
2002 06 10 0.0 -99.9 -99.9
2002 06 11 0.0 -99.9 -99.9
2002 06 12 0.0 -99.9 -99.9
2002 06 13 0.0 -99.9 -99.9
2002 06 14 0.0 -99.9 -99.9
2002 06 15 0.0 -99.9 -99.9
2002 06 16 0.0 -99.9 -99.9
2002 06 17 0.0 -99.9 -99.9
2002 06 18 0.0 -99.9 -99.9
2002 06 19 0.0 -99.9 -99.9
2002 06 20 0.0 -99.9 -99.9
2002 06 21 0.0 -99.9 -99.9
2002 06 22 0.0 -99.9 -99.9
2002 06 23 0.0 -99.9 -99.9
2002 06 24 0.0 -99.9 -99.9
2002 06 25 0.0 -99.9 -99.9
2002 06 26 0.0 -99.9 -99.9
2002 06 27 0.0 -99.9 -99.9
2002 06 28 0.0 -99.9 -99.9
2002 06 29 0.0 -99.9 -99.9
2002 06 30 0.0 -99.9 -99.9
2002 07 01 0.0 -99.9 -99.9
2002 07 02 0.0 -99.9 -99.9
2002 07 03 0.0 -99.9 -99.9
2002 07 04 0.0 -99.9 -99.9
2002 07 05 0.0 -99.9 -99.9
2002 07 06 0.0 -99.9 -99.9
2002 07 07 0.0 -99.9 -99.9
2002 07 08 0.0 -99.9 -99.9
2002 07 09 0.0 -99.9 -99.9
2002 07 10 0.0 -99.9 -99.9
2002 07 11 0.0 -99.9 -99.9
2002 07 12 0.0 -99.9 -99.9
2002 07 13 0.0 -99.9 -99.9
2002 07 14 0.0 -99.9 -99.9
2002 07 15 0.0 -99.9 -99.9
2002 07 16 0.0 -99.9 -99.9
2002 07 17 0.0 -99.9 -99.9
2002 07 18 0.0 -99.9 -99.9
2002 07 19 0.0 -99.9 -99.9
2002 07 20 0.0 -99.9 -99.9
2002 07 21 0.0 -99.9 -99.9
2002 07 22 0.0 -99.9 -99.9
2002 07 23 0.0 -99.9 -99.9
2002 07 24 0.0 -99.9 -99.9
2002 07 25 0.0 -99.9 -99.9
2002 07 26 0.0 -99.9 -99.9
2002 07 27 0.0 -99.9 -99.9
2002 07 28 0.0 -99.9 -99.9
2002 07 29 0.0 -99.9 -99.9
2002 07 30 0.0 -99.9 -99.9
2002 07 31 0.0 -99.9 -99.9
2002 08 01 0.0 -99.9 -99.9
2002 08 02 0.0 -99.9 -99.9
2002 08 03 0.0 -99.9 -99.9
2002 08 04 0.0 -99.9 -99.9
2002 08 05 0.0 -99.9 -99.9
2002 08 06 0.0 -99.9 -99.9
2002 08 07 0.0 -99.9 -99.9
2002 08 08 0.0 -99.9 -99.9
2002 08 09 0.0 -99.9 -99.9
2002 08 10 0.0 -99.9 -99.9
2002 08 11 0.0 -99.9 -99.9
2002 08 12 0.0 -99.9 -99.9
2002 08 13 0.0 -99.9 -99.9
2002 08 14 0.0 -99.9 -99.9
2002 08 15 0.0 -99.9 -99.9
2002 08 16 0.0 -99.9 -99.9
2002 08 17 0.0 -99.9 -99.9
2002 08 18 0.0 -99.9 -99.9
2002 08 19 0.0 -99.9 -99.9
2002 08 20 0.0 -99.9 -99.9
2002 08 21 0.0 -99.9 -99.9
2002 08 22 0.0 -99.9 -99.9
2002 08 23 0.0 -99.9 -99.9
2002 08 24 0.0 -99.9 -99.9
2002 08 25 0.0 -99.9 -99.9
2002 08 26 0.0 -99.9 -99.9
2002 08 27 0.0 -99.9 -99.9
2002 08 28 0.0 -99.9 -99.9
2002 08 29 0.0 -99.9 -99.9
2002 08 30 0.0 -99.9 -99.9
2002 08 31 0.0 -99.9 -99.9
2002 09 01 0.0 -99.9 -99.9
2002 09 02 0.0 -99.9 -99.9
2002 09 03 0.0 -99.9 -99.9
2002 09 04 0.0 -99.9 -99.9
2002 09 05 0.0 -99.9 -99.9
2002 09 06 0.0 -99.9 -99.9
2002 09 07 0.0 -99.9 -99.9
2002 09 08 0.0 -99.9 -99.9
2002 09 09 0.0 -99.9 -99.9
2002 09 10 0.0 -99.9 -99.9
2002 09 11 0.0 -99.9 -99.9
2002 09 12 0.0 -99.9 -99.9
2002 09 13 0.0 -99.9 -99.9
2002 09 14 0.0 -99.9 -99.9
2002 09 15 0.0 -99.9 -99.9
2002 09 16 0.0 -99.9 -99.9
2002 09 17 0.0 -99.9 -99.9
2002 09 18 0.0 -99.9 -99.9
2002 09 19 0.0 -99.9 -99.9
2002 09 20 0.0 -99.9 -99.9
2002 09 21 0.0 -99.9 -99.9
2002 09 22 0.0 -99.9 -99.9
2002 09 23 0.0 -99.9 -99.9
2002 09 24 0.0 -99.9 -99.9
2002 09 25 0.0 -99.9 -99.9
2002 09 26 0.0 -99.9 -99.9
2002 09 27 8.5 -99.9 -99.9
2002 09 28 9.3 -99.9 -99.9
2002 09 29 3.5 -99.9 -99.9
2002 09 30 0.0 -99.9 -99.9
2002 10 01 0.0 -99.9 -99.9
2002 10 02 0.0 -99.9 -99.9
2002 10 03 0.0 -99.9 -99.9
2002 10 04 0.0 -99.9 -99.9
2002 10 05 0.0 -99.9 -99.9
2002 10 06 0.0 -99.9 -99.9
2002 10 07 0.0 -99.9 -99.9
2002 10 08 0.0 -99.9 -99.9
2002 10 09 0.8 -99.9 -99.9
2002 10 10 10.6 -99.9 -99.9
2002 10 11 4.4 -99.9 -99.9
2002 10 12 0.0 -99.9 -99.9
2002 10 13 3.7 -99.9 -99.9
2002 10 14 8.1 -99.9 -99.9
2002 10 15 20.0 -99.9 -99.9
2002 10 16 5.5 -99.9 -99.9
2002 10 17 6.5 -99.9 -99.9
2002 10 18 0.0 -99.9 -99.9
2002 10 19 6.2 -99.9 -99.9
2002 10 20 0.0 -99.9 -99.9
2002 10 21 0.0 -99.9 -99.9
2002 10 22 6.7 -99.9 -99.9
2002 10 23 1.8 -99.9 -99.9
2002 10 24 14.7 -99.9 -99.9
2002 10 25 4.6 -99.9 -99.9
2002 10 26 21.3 -99.9 -99.9
2002 10 27 3.3 -99.9 -99.9
2002 10 28 0.7 -99.9 -99.9
2002 10 29 6.9 -99.9 -99.9
2002 10 30 3.9 -99.9 -99.9
2002 10 31 0.4 -99.9 -99.9
2002 11 01 0.0 -99.9 -99.9
2002 11 02 0.0 -99.9 -99.9
2002 11 03 0.0 -99.9 -99.9
2002 11 04 0.0 -99.9 -99.9
2002 11 05 6.9 -99.9 -99.9
2002 11 06 1.5 -99.9 -99.9
2002 11 07 0.0 -99.9 -99.9
2002 11 08 0.0 -99.9 -99.9
2002 11 09 2.3 -99.9 -99.9
2002 11 10 3.5 -99.9 -99.9
2002 11 11 9.7 -99.9 -99.9
2002 11 12 8.9 -99.9 -99.9
2002 11 13 5.0 -99.9 -99.9
2002 11 14 0.0 -99.9 -99.9
2002 11 15 0.0 -99.9 -99.9
2002 11 16 0.0 -99.9 -99.9
2002 11 17 14.0 -99.9 -99.9
2002 11 18 10.5 -99.9 -99.9
2002 11 19 0.0 -99.9 -99.9
2002 11 20 5.8 -99.9 -99.9
2002 11 21 19.9 -99.9 -99.9
2002 11 22 0.0 -99.9 -99.9
2002 11 23 3.5 -99.9 -99.9
2002 11 24 0.2 -99.9 -99.9
2002 11 25 0.3 -99.9 -99.9
2002 11 26 11.8 -99.9 -99.9
2002 11 27 1.0 -99.9 -99.9
2002 11 28 2.5 -99.9 -99.9
2002 11 29 5.2 -99.9 -99.9
2002 11 30 8.5 -99.9 -99.9
2002 12 01 4.6 -99.9 -99.9
2002 12 02 3.0 -99.9 -99.9
2002 12 03 5.2 -99.9 -99.9
2002 12 04 3.6 -99.9 -99.9
2002 12 05 6.0 -99.9 -99.9
2002 12 06 0.0 -99.9 -99.9
2002 12 07 7.5 -99.9 -99.9
2002 12 08 0.0 -99.9 -99.9
2002 12 09 0.0 -99.9 -99.9
2002 12 10 0.0 -99.9 -99.9
2002 12 11 0.0 -99.9 -99.9
2002 12 12 0.0 -99.9 -99.9
2002 12 13 1.8 -99.9 -99.9
2002 12 14 0.0 -99.9 -99.9
2002 12 15 1.1 -99.9 -99.9
2002 12 16 8.2 -99.9 -99.9
2002 12 17 4.8 -99.9 -99.9
2002 12 18 0.4 -99.9 -99.9
2002 12 19 9.6 -99.9 -99.9
2002 12 20 11.1 -99.9 -99.9
2002 12 21 5.9 -99.9 -99.9
2002 12 22 11.2 -99.9 -99.9
2002 12 23 0.6 -99.9 -99.9
2002 12 24 4.6 -99.9 -99.9
2002 12 25 0.0 -99.9 -99.9
2002 12 26 3.2 -99.9 -99.9
2002 12 27 2.9 -99.9 -99.9
2002 12 28 2.1 -99.9 -99.9
2002 12 29 0.5 -99.9 -99.9
2002 12 30 14.2 -99.9 -99.9
2002 12 31 1.7 -99.9 -99.9
2003 01 01 2.1 -99.9 -99.9
2003 01 02 1.5 -99.9 -99.9
2003 01 03 33.5 -99.9 -99.9
2003 01 04 0.8 -99.9 -99.9
2003 01 05 0.0 -99.9 -99.9
2003 01 06 0.0 -99.9 -99.9
2003 01 07 0.0 -99.9 -99.9
2003 01 08 0.0 -99.9 -99.9
2003 01 09 0.0 -99.9 -99.9
2003 01 10 11.4 -99.9 -99.9
2003 01 11 2.4 -99.9 -99.9
2003 01 12 1.3 -99.9 -99.9
2003 01 13 12.0 -99.9 -99.9
2003 01 14 0.0 -99.9 -99.9
2003 01 15 0.0 -99.9 -99.9
2003 01 16 2.0 -99.9 -99.9
2003 01 17 2.1 -99.9 -99.9
2003 01 18 0.0 -99.9 -99.9
2003 01 19 0.0 -99.9 -99.9
2003 01 20 0.0 -99.9 -99.9
2003 01 21 0.0 -99.9 -99.9
2003 01 22 0.0 -99.9 -99.9
2003 01 23 0.0 -99.9 -99.9
2003 01 24 4.0 -99.9 -99.9
2003 01 25 3.8 -99.9 -99.9
2003 01 26 3.0 -99.9 -99.9
2003 01 27 6.0 -99.9 -99.9
2003 01 28 4.5 -99.9 -99.9
2003 01 29 0.0 -99.9 -99.9
2003 01 30 17.0 -99.9 -99.9
2003 01 31 4.3 -99.9 -99.9
2003 02 01 5.3 -99.9 -99.9
2003 02 02 1.3 -99.9 -99.9
2003 02 03 0.0 -99.9 -99.9
2003 02 04 0.0 -99.9 -99.9
2003 02 05 10.5 -99.9 -99.9
2003 02 06 4.2 -99.9 -99.9
2003 02 07 9.5 -99.9 -99.9
2003 02 08 4.5 -99.9 -99.9
2003 02 09 6.0 -99.9 -99.9
2003 02 10 2.5 -99.9 -99.9
2003 02 11 2.4 -99.9 -99.9
2003 02 12 5.0 -99.9 -99.9
2003 02 13 4.5 -99.9 -99.9
2003 02 14 0.0 -99.9 -99.9
2003 02 15 0.0 -99.9 -99.9
2003 02 16 0.0 -99.9 -99.9
2003 02 17 0.0 -99.9 -99.9
2003 02 18 0.0 -99.9 -99.9
2003 02 19 0.0 -99.9 -99.9
2003 02 20 0.0 -99.9 -99.9
2003 02 21 0.0 -99.9 -99.9
2003 02 22 4.5 -99.9 -99.9
2003 02 23 3.5 -99.9 -99.9
2003 02 24 6.5 -99.9 -99.9
2003 02 25 0.3 -99.9 -99.9
2003 02 26 3.2 -99.9 -99.9
2003 02 27 1.5 -99.9 -99.9
2003 02 28 0.0 -99.9 -99.9
2003 03 01 3.0 -99.9 -99.9
2003 03 02 2.0 -99.9 -99.9
2003 03 03 2.5 -99.9 -99.9
2003 03 04 3.2 -99.9 -99.9
2003 03 05 1.0 -99.9 -99.9
2003 03 06 3.0 -99.9 -99.9
2003 03 07 4.8 -99.9 -99.9
2003 03 08 3.1 -99.9 -99.9
2003 03 09 3.5 -99.9 -99.9
2003 03 10 6.5 -99.9 -99.9
2003 03 11 0.5 -99.9 -99.9
2003 03 12 0.0 -99.9 -99.9
2003 03 13 12.0 -99.9 -99.9
2003 03 14 4.8 -99.9 -99.9
2003 03 15 3.2 -99.9 -99.9
2003 03 16 10.4 -99.9 -99.9
2003 03 17 13.0 -99.9 -99.9
2003 03 18 0.5 -99.9 -99.9
2003 03 19 0.0 -99.9 -99.9
2003 03 20 0.0 -99.9 -99.9
2003 03 21 0.0 -99.9 -99.9
2003 03 22 0.0 -99.9 -99.9
2003 03 23 0.0 -99.9 -99.9
2003 03 24 16.0 -99.9 -99.9
2003 03 25 4.5 -99.9 -99.9
2003 03 26 0.0 -99.9 -99.9
2003 03 27 0.0 -99.9 -99.9
2003 03 28 1.0 -99.9 -99.9
2003 03 29 5.5 -99.9 -99.9
2003 03 30 1.5 -99.9 -99.9
2003 03 31 3.5 -99.9 -99.9
2003 04 01 0.0 -99.9 -99.9
2003 04 02 0.0 -99.9 -99.9
2003 04 03 1.0 -99.9 -99.9
2003 04 04 2.0 -99.9 -99.9
2003 04 05 0.0 -99.9 -99.9
2003 04 06 4.1 -99.9 -99.9
2003 04 07 4.0 -99.9 -99.9
2003 04 08 5.0 -99.9 -99.9
2003 04 09 8.5 -99.9 -99.9
2003 04 10 1.6 -99.9 -99.9
2003 04 11 6.5 -99.9 -99.9
2003 04 12 8.0 -99.9 -99.9
2003 04 13 2.5 -99.9 -99.9
2003 04 14 4.0 -99.9 -99.9
2003 04 15 10.0 -99.9 -99.9
2003 04 16 1.3 -99.9 -99.9
2003 04 17 2.0 -99.9 -99.9
2003 04 18 3.3 -99.9 -99.9
2003 04 19 0.0 -99.9 -99.9
2003 04 20 0.0 -99.9 -99.9
2003 04 21 1.0 -99.9 -99.9
2003 04 22 5.0 -99.9 -99.9
2003 04 23 0.0 -99.9 -99.9
2003 04 24 2.0 -99.9 -99.9
2003 04 25 4.5 -99.9 -99.9
2003 04 26 0.0 -99.9 -99.9
2003 04 27 0.0 -99.9 -99.9
2003 04 28 0.0 -99.9 -99.9
2003 04 29 0.0 -99.9 -99.9
2003 04 30 0.0 -99.9 -99.9
2003 05 01 0.0 -99.9 -99.9
2003 05 02 0.0 -99.9 -99.9
2003 05 03 0.0 -99.9 -99.9
2003 05 04 1.4 -99.9 -99.9
2003 05 05 3.2 -99.9 -99.9
2003 05 06 7.0 -99.9 -99.9
2003 05 07 8.2 -99.9 -99.9
2003 05 08 0.0 -99.9 -99.9
2003 05 09 0.0 -99.9 -99.9
2003 05 10 0.0 -99.9 -99.9
2003 05 11 0.0 -99.9 -99.9
2003 05 12 0.0 -99.9 -99.9
2003 05 13 0.0 -99.9 -99.9
2003 05 14 0.0 -99.9 -99.9
2003 05 15 0.0 -99.9 -99.9
2003 05 16 0.0 -99.9 -99.9
2003 05 17 3.5 -99.9 -99.9
2003 05 18 0.0 -99.9 -99.9
2003 05 19 0.0 -99.9 -99.9
2003 05 20 0.0 -99.9 -99.9
2003 05 21 0.0 -99.9 -99.9
2003 05 22 0.0 -99.9 -99.9
2003 05 23 0.0 -99.9 -99.9
2003 05 24 0.0 -99.9 -99.9
2003 05 25 0.0 -99.9 -99.9
2003 05 26 0.0 -99.9 -99.9
2003 05 27 0.0 -99.9 -99.9
2003 05 28 0.0 -99.9 -99.9
2003 05 29 0.0 -99.9 -99.9
2003 05 30 0.0 -99.9 -99.9
2003 05 31 0.0 -99.9 -99.9
2003 06 01 3.0 -99.9 -99.9
2003 06 02 0.0 -99.9 -99.9
2003 06 03 0.0 -99.9 -99.9
2003 06 04 0.0 -99.9 -99.9
2003 06 05 0.0 -99.9 -99.9
2003 06 06 0.0 -99.9 -99.9
2003 06 07 0.0 -99.9 -99.9
2003 06 08 0.0 -99.9 -99.9
2003 06 09 0.0 -99.9 -99.9
2003 06 10 0.0 -99.9 -99.9
2003 06 11 0.0 -99.9 -99.9
2003 06 12 0.0 -99.9 -99.9
2003 06 13 0.0 -99.9 -99.9
2003 06 14 0.0 -99.9 -99.9
2003 06 15 0.0 -99.9 -99.9
2003 06 16 0.0 -99.9 -99.9
2003 06 17 0.0 -99.9 -99.9
2003 06 18 0.0 -99.9 -99.9
2003 06 19 0.0 -99.9 -99.9
2003 06 20 0.0 -99.9 -99.9
2003 06 21 0.0 -99.9 -99.9
2003 06 22 0.0 -99.9 -99.9
2003 06 23 0.0 -99.9 -99.9
2003 06 24 0.0 -99.9 -99.9
2003 06 25 0.0 -99.9 -99.9
2003 06 26 0.0 -99.9 -99.9
2003 06 27 0.0 -99.9 -99.9
2003 06 28 0.0 -99.9 -99.9
2003 06 29 0.0 -99.9 -99.9
2003 06 30 0.0 -99.9 -99.9
2003 07 01 0.0 -99.9 -99.9
2003 07 02 0.0 -99.9 -99.9
2003 07 03 0.0 -99.9 -99.9
2003 07 04 4.5 -99.9 -99.9
2003 07 05 2.1 -99.9 -99.9
2003 07 06 0.0 -99.9 -99.9
2003 07 07 0.0 -99.9 -99.9
2003 07 08 0.0 -99.9 -99.9
2003 07 09 0.0 -99.9 -99.9
2003 07 10 0.0 -99.9 -99.9
2003 07 11 0.0 -99.9 -99.9
2003 07 12 0.0 -99.9 -99.9
2003 07 13 0.0 -99.9 -99.9
2003 07 14 0.0 -99.9 -99.9
2003 07 15 0.0 -99.9 -99.9
2003 07 16 0.0 -99.9 -99.9
2003 07 17 0.0 -99.9 -99.9
2003 07 18 0.0 -99.9 -99.9
2003 07 19 0.0 -99.9 -99.9
2003 07 20 0.0 -99.9 -99.9
2003 07 21 0.0 -99.9 -99.9
2003 07 22 0.0 -99.9 -99.9
2003 07 23 0.0 -99.9 -99.9
2003 07 24 0.0 -99.9 -99.9
2003 07 25 0.0 -99.9 -99.9
2003 07 26 0.0 -99.9 -99.9
2003 07 27 0.0 -99.9 -99.9
2003 07 28 0.0 -99.9 -99.9
2003 07 29 0.0 -99.9 -99.9
2003 07 30 0.0 -99.9 -99.9
2003 07 31 0.0 -99.9 -99.9
2003 08 01 0.0 -99.9 -99.9
2003 08 02 0.0 -99.9 -99.9
2003 08 03 0.0 -99.9 -99.9
2003 08 04 0.0 -99.9 -99.9
2003 08 05 0.0 -99.9 -99.9
2003 08 06 0.0 -99.9 -99.9
2003 08 07 0.0 -99.9 -99.9
2003 08 08 0.0 -99.9 -99.9
2003 08 09 0.0 -99.9 -99.9
2003 08 10 0.0 -99.9 -99.9
2003 08 11 0.0 -99.9 -99.9
2003 08 12 0.0 -99.9 -99.9
2003 08 13 0.0 -99.9 -99.9
2003 08 14 0.0 -99.9 -99.9
2003 08 15 0.0 -99.9 -99.9
2003 08 16 0.0 -99.9 -99.9
2003 08 17 0.0 -99.9 -99.9
2003 08 18 0.0 -99.9 -99.9
2003 08 19 0.0 -99.9 -99.9
2003 08 20 0.0 -99.9 -99.9
2003 08 21 0.0 -99.9 -99.9
2003 08 22 0.0 -99.9 -99.9
2003 08 23 0.0 -99.9 -99.9
2003 08 24 0.0 -99.9 -99.9
2003 08 25 0.0 -99.9 -99.9
2003 08 26 0.0 -99.9 -99.9
2003 08 27 0.0 -99.9 -99.9
2003 08 28 0.0 -99.9 -99.9
2003 08 29 0.0 -99.9 -99.9
2003 08 30 0.0 -99.9 -99.9
2003 08 31 0.0 -99.9 -99.9
2003 09 01 0.0 -99.9 -99.9
2003 09 02 0.0 -99.9 -99.9
2003 09 03 0.0 -99.9 -99.9
2003 09 04 0.0 -99.9 -99.9
2003 09 05 0.0 -99.9 -99.9
2003 09 06 0.0 -99.9 -99.9
2003 09 07 0.0 -99.9 -99.9
2003 09 08 0.0 -99.9 -99.9
2003 09 09 0.0 -99.9 -99.9
2003 09 10 0.0 -99.9 -99.9
2003 09 11 0.0 -99.9 -99.9
2003 09 12 0.0 -99.9 -99.9
2003 09 13 0.0 -99.9 -99.9
2003 09 14 0.0 -99.9 -99.9
2003 09 15 0.0 -99.9 -99.9
2003 09 16 0.0 -99.9 -99.9
2003 09 17 0.0 -99.9 -99.9
2003 09 18 0.0 -99.9 -99.9
2003 09 19 0.0 -99.9 -99.9
2003 09 20 0.0 -99.9 -99.9
2003 09 21 0.0 -99.9 -99.9
2003 09 22 3.5 -99.9 -99.9
2003 09 23 0.0 -99.9 -99.9
2003 09 24 0.0 -99.9 -99.9
2003 09 25 0.0 -99.9 -99.9
2003 09 26 0.0 -99.9 -99.9
2003 09 27 0.0 -99.9 -99.9
2003 09 28 0.0 -99.9 -99.9
2003 09 29 0.0 -99.9 -99.9
2003 09 30 -99.9 -99.9 -99.9
2003 10 01 0.0 -99.9 -99.9
2003 10 02 0.0 -99.9 -99.9
2003 10 03 0.0 -99.9 -99.9
2003 10 04 0.0 -99.9 -99.9
2003 10 05 0.0 -99.9 -99.9
2003 10 06 0.0 -99.9 -99.9
2003 10 07 0.0 -99.9 -99.9
2003 10 08 0.0 -99.9 -99.9
2003 10 09 0.0 -99.9 -99.9
2003 10 10 0.0 -99.9 -99.9
2003 10 11 0.0 -99.9 -99.9
2003 10 12 7.0 -99.9 -99.9
2003 10 13 3.0 -99.9 -99.9
2003 10 14 1.8 -99.9 -99.9
2003 10 15 0.0 -99.9 -99.9
2003 10 16 0.0 -99.9 -99.9
2003 10 17 0.0 -99.9 -99.9
2003 10 18 0.0 -99.9 -99.9
2003 10 19 0.0 -99.9 -99.9
2003 10 20 0.0 -99.9 -99.9
2003 10 21 0.0 -99.9 -99.9
2003 10 22 0.0 -99.9 -99.9
2003 10 23 0.0 -99.9 -99.9
2003 10 24 2.1 -99.9 -99.9
2003 10 25 0.0 -99.9 -99.9
2003 10 26 0.0 -99.9 -99.9
2003 10 27 0.5 -99.9 -99.9
2003 10 28 5.2 -99.9 -99.9
2003 10 29 10.5 -99.9 -99.9
2003 10 30 9.7 -99.9 -99.9
2003 10 31 0.0 -99.9 -99.9
2003 11 01 0.0 -99.9 -99.9
2003 11 02 0.0 -99.9 -99.9
2003 11 03 1.5 -99.9 -99.9
2003 11 04 0.0 -99.9 -99.9
2003 11 05 0.0 -99.9 -99.9
2003 11 06 0.0 -99.9 -99.9
2003 11 07 1.4 -99.9 -99.9
2003 11 08 0.0 -99.9 -99.9
2003 11 09 1.1 -99.9 -99.9
2003 11 10 2.0 -99.9 -99.9
2003 11 11 0.0 -99.9 -99.9
2003 11 12 0.0 -99.9 -99.9
2003 11 13 0.0 -99.9 -99.9
2003 11 14 0.0 -99.9 -99.9
2003 11 15 0.0 -99.9 -99.9
2003 11 16 0.0 -99.9 -99.9
2003 11 17 0.0 -99.9 -99.9
2003 11 18 0.0 -99.9 -99.9
2003 11 19 0.0 -99.9 -99.9
2003 11 20 0.0 -99.9 -99.9
2003 11 21 0.0 -99.9 -99.9
2003 11 22 0.0 -99.9 -99.9
2003 11 23 1.5 -99.9 -99.9
2003 11 24 1.5 -99.9 -99.9
2003 11 25 2.2 -99.9 -99.9
2003 11 26 6.4 -99.9 -99.9
2003 11 27 4.0 -99.9 -99.9
2003 11 28 9.8 -99.9 -99.9
2003 11 29 1.0 -99.9 -99.9
2003 11 30 -99.9 -99.9 -99.9
